30 ธันวาคม 2556  561072  48  275  503  513  750
16 ธันวาคม 2556  341767  79  111  228  742  826
1 ธันวาคม 2556  168795  27  074  734  766  980
16 พฤศจิกายน 2556  806925  28  069  304  672  753
1 พฤศจิกายน 2556  739804  47  020  173  256  502
16 ตุลาคม 2556  963289  60  402  529  876  952
1 ตุลาคม 2556  647882  14  028  324  576  650
16 กันยายน 2556  562684  63  056  235  574  754
1 กันยายน 2556  548123  05  045  281  570  800
16 สิงหาคม 2556  321327  20  201  417  448  945
1 สิงหาคม 2556  356435  82  329  451  718  880
16 กรกฎาคม 2556  566996  86  352  210  584  526
1 กรกฎาคม 2556  646905  51  075  903  904  284
16 มิถุนายน 2556  289673  69  098  114  390  502
1 มิถุนายน 2556  935489  90  713  716  768  480
16 พฤษภาคม 2556  687125  56  034  261  390  945
2 พฤษภาคม 2556  603458  07  272  359  516  830
16 เมษายน 2556  843846  86  834  862  906  828
1 เมษายน 2556  571688  53  170  430  670  725
16 มีนาคม 2556  968433  52  175  529  860  959
1 มีนาคม 2556  976241  37  972  721  133  775
16 กุมภาพันธ์ 2556  368257  09  109  386  657  708
1 กุมภาพันธ์ 2556  565566  66  452  641  695  782
16 มกราคม 2556  820981  08  555  196  374  334
30 ธันวาคม 2555  302358  00  589  864  126  832
16 ธันวาคม 2555  529524  72  008  734  745  778
1 ธันวาคม 2555  110443  43  303  434  489  553
16 พฤศจิกายน 2555  639500  15  560  576  627  804
1 พฤศจิกายน 2555  524694  63  188  217  285  338
16 ตุลาคม 2555  281343  28  089  152  396  868
1 ตุลาคม 2555  124025  58  291  554  873  940
16 กันยายน 2555  540143  79  123  242  752  770
1 กันยายน 2555  329997  07  148  598  639  736
16 สิงหาคม 2555  683877  28  032  612  730  775
1 สิงหาคม 2555  895590  50  820  599  796  745
16 กรกฎาคม 2555  904050  11  897  224  159  042
1 กรกฎาคม 2555  915900  60  715  656  530  611
16 มิถุนายน 2555  159373  51  238  479  547  790
1 มิถุนายน 2555  882727  38  606  576  895  399
16 พฤษภาคม 2555  814418  31  504  309  902  101
2 พฤษภาคม 2555  889501  29  589  597  426  468
16 เมษายน 2555  583470  62  088  216  722  754
1 เมษายน 2555  257562  69  074  332  581  616
16 มีนาคม 2555  607064  08  333  350  573  606
1 มีนาคม 2555  222518  79  295  135  711  199
16 กุมภาพันธ์ 2555  648684  18  906  214  111  420
1 กุมภาพันธ์ 2555  320605  32  426  498  598  749
16 มกราคม 2555  451445  81  328  150  941  639
30 ธันวาคม 2554  526402  65  168  026  541  597
16 ธันวาคม 2554  884178  21  784  235  295  651
1 ธันวาคม 2554  408147  02  922  253  857  739
16 พฤศจิกายน 2554  997777  57  425  551  406  993
1 พฤศจิกายน 2554  805540  54  065  221  380  771
16 ตุลาคม 2554  955756  83  057  329  507  991
1 ตุลาคม 2554  511052  15  104  189  499  957
16 กันยายน 2554  731198  28  384  645  812  589
1 กันยายน 2554  724533  85  847  021  533  821
16 สิงหาคม 2554  536960  62  814  345  074  005
1 สิงหาคม 2554  218756  12  221  583  660  703
16 กรกฎาคม 2554  116556  12  052  227  534  609
1 กรกฎาคม 2554  622953  51  390  160  780  463
16 มิถุนายน 2554  351276  88  486  167  162  582
1 มิถุนายน 2554  562370  46  346  556  656  801
16 พฤษภาคม 2554  406417  05  044  071  700  889
2 พฤษภาคม 2554  054136  85  133  421  524  945
16 เมษายน 2554  825988  44  263  213  397  593
1 เมษายน 2554  814931  01  723  584  040  036
16 มีนาคม 2554  593331  96  209  463  737  945
1 มีนาคม 2554  656037  97  544  357  926  396
16 กุมภาพันธ์ 2554  481746  27  384  388  510  535
1 กุมภาพันธ์ 2554  610089  55  121  361  432  596
16 มกราคม 2554  281062  23  185  227  546  758
30 ธันวาคม 2553  884112  49  153  186  933  936
16 ธันวาคม 2553  334380  24  306  315  529  533
1 ธันวาคม 2553  181752  09  086  470  474  664
16 พฤศจิกายน 2553  813993  43  129  763  907  979
1 พฤศจิกายน 2553  191100  59  653  739  801  968
16 ตุลาคม 2553  621377  42  310  385  518  872
1 ตุลาคม 2553  488372  02  003  091  246  996
16 กันยายน 2553  017422  66  103  316  431  075
1 กันยายน 2553  354656  11  096  570  656  784
16 สิงหาคม 2553  911097  64  448  578  689  986
1 สิงหาคม 2553  210008  10  182  191  727  769
16 กรกฎาคม 2553  180387  34  024  219  309  572
1 กรกฎาคม 2553  480239  68  450  893  918  961
16 มิถุนายน 2553  500104  73  200  628  681  816
1 มิถุนายน 2553  444874  81  298  374  673  996
16 พฤษภาคม 2553  480012  12  008  151  293  770
2 พฤษภาคม 2553  360371  06  040  382  517  618
16 เมษายน 2553  211743  96  154  285  744  811
1 เมษายน 2553  959517  22  040  174  447  663
16 มีนาคม 2553  364222  97  229  619  756  996
1 มีนาคม 2553  215227  97  457  627  374  470
16 กุมภาพันธ์ 2553  133707  03  026  137  362  985
1 กุมภาพันธ์ 2553  186312  14  403  577  694  936
16 มกราคม 2553  073577  67  413  459  646  781
30 ธันวาคม 2552  994304  87  337  419  598  993
16 ธันวาคม 2552  685141  05  142  524  694  775
1 ธันวาคม 2552  776980  59  188  252  412  937
16 พฤศจิกายน 2552  055986  58  072  299  536  952
1 พฤศจิกายน 2552  689140  85  366  465  642  923
16 ตุลาคม 2552  258487  00  122  135  174  226
1 ตุลาคม 2552  169387  06  255  714  435  249
16 กันยายน 2552  202912  48  166  200  353  539
1 กันยายน 2552  015865  32  435  446  447  924
16 สิงหาคม 2552  462933  96  292  577  658  843
1 สิงหาคม 2552  154986  92  239  374  421  688
16 กรกฎาคม 2552  000816  94  005  177  356  836
1 กรกฎาคม 2552  207542  66  107  233  385  799
16 มิถุนายน 2552  930456  15  044  125  179  954
1 มิถุนายน 2552  777661  26  097  240  242  642
16 พฤษภาคม 2552  111411  54  362  368  838  892
2 พฤษภาคม 2552  294452  11  222  301  549  947
16 เมษายน 2552  368415  33  007  179  570  954
1 เมษายน 2552  816578  50  044  113  363  572
16 มีนาคม 2552  268812  36  063  228  424  929
1 มีนาคม 2552  553091  67  224  238  295  665
16 กุมภาพันธ์ 2552  038730  93  115  434  939  961
1 กุมภาพันธ์ 2552  534533  69  015  427  660  777
16 มกราคม 2552  743212  25  266  800  842  885
30 ธันวาคม 2551  218596  22  094  197  831  984
16 ธันวาคม 2551  074114  25  305  715  803  959
1 ธันวาคม 2551  205434  05  013  260  617  957
16 พฤศจิกายน 2551  002612  20  068  589  824  877
1 พฤศจิกายน 2551  272028  76  421  285  333  929
16 ตุลาคม 2551  431277  98  644  526  324  648
1 ตุลาคม 2551  882911  67  395  204  302  311
16 กันยายน 2551  012377  56  691  378  557  534
1 กันยายน 2551  695993  09  413  206  904  027
16 สิงหาคม 2551  380377  36  457  744  161  445
1 สิงหาคม 2551  850348  11  408  236  913  386
16 กรกฎาคม 2551  257374  41  401  576  486  344
1 กรกฎาคม 2551  943671  50  096  287  490  523
16 มิถุนายน 2551  729111  75  639  870  345  339
1 มิถุนายน 2551  414875  35  666  370  916  747
16 พฤษภาคม 2551  329231  69  193  120  355  214
2 พฤษภาคม 2551  453011  62  001  133  001  792
16 เมษายน 2551  982800  64  802  584  043  008
1 เมษายน 2551  012653  71  586  195  200  124
16 มีนาคม 2551  074946  33  077  974  085  158
1 มีนาคม 2551  936685  05  056  085  371  691
16 กุมภาพันธ์ 2551  137054  80  512  630  344  892
1 กุมภาพันธ์ 2551  212684  26  311  796  472  732
16 มกราคม 2551  556010  81  413  942  548  965
30 ธันวาคม 2550  595411  81  490  267  787  741
16 ธันวาคม 2550  513501  96  432  460  425  702
1 ธันวาคม 2550  113410  18  659  627  485  418
16 พฤศจิกายน 2550  562481  73  198  752  844  130
1 พฤศจิกายน 2550  927907  88  648  277  213  524
16 ตุลาคม 2550  032988  48  846  685  158  663
1 ตุลาคม 2550  430667  76  090  667  126  104
16 กันยายน 2550  499336  45  247  604  608  273
1 กันยายน 2550  331810  69  293  520  518  505
16 สิงหาคม 2550  476207  93  236  234  424  312
1 สิงหาคม 2550  429924  29  006  885  962  048
16 กรกฎาคม 2550  527384  77  334  183  105  947
1 กรกฎาคม 2550  565151  76  949  287  638  146
16 มิถุนายน 2550  393194  41  989  907  424  589
1 มิถุนายน 2550  836393  05  739  242  523  433
16 พฤษภาคม 2550  232897  25  924  858  751  585
2 พฤษภาคม 2550  430374  81  553  442  881  729
16 เมษายน 2550  405105  63  013  987  866  522
1 เมษายน 2550  622780  93  677  794  814  022
16 มีนาคม 2550  876763  85  191  001  906  350
1 มีนาคม 2550  742425  61  949  294  942  801
16 กุมภาพันธ์ 2550  277859  95  625  607  979  384
1 กุมภาพันธ์ 2550  769925  56  893  239  287  865
16 มกราคม 2550  838739  55  293  263  845  803
30 ธันวาคม 2549  778584  07  811  403  164  971
16 ธันวาคม 2549  147977  45  439  694  647  197
1 ธันวาคม 2549  270052  12  621  462  091  236
16 พฤศจิกายน 2549  562856  94  508  307  680  347
1 พฤศจิกายน 2549  910957  29  647  739  137  905
16 ตุลาคม 2549  264825  58  903  092  358  832
1 ตุลาคม 2549  952335  92  007  804  879  951
16 กันยายน 2549  217948  41  916  290  864  121
1 กันยายน 2549  381761  44  600  693  093  626
16 สิงหาคม 2549  977486  91  221  305  230  103
1 สิงหาคม 2549  238654  88  847  005  817  487
16 กรกฎาคม 2549  512434  48  989  098  518  432
1 กรกฎาคม 2549  952890  65  126  183  017  839
16 มิถุนายน 2549  100935  17  250  381  410  595
1 มิถุนายน 2549  810850  99  149  382  526  664
16 พฤษภาคม 2549  100344  71  386  463  696  811
2 พฤษภาคม 2549  024554  27  006  438  082  117
16 เมษายน 2549  038564  49  210  442  769  877
1 เมษายน 2549  738365  95  064  955  301  522
16 มีนาคม 2549  936177  30  486  185  205  320
1 มีนาคม 2549  582473  43  586  801  108  914
16 กุมภาพันธ์ 2549  317009  66  784  240  135  280
1 กุมภาพันธ์ 2549  412729  87  915  720  149  384
16 มกราคม 2549  432747  79  222  789  965  200
30 ธันวาคม 2548  492955  94  066  308  742  150
16 ธันวาคม 2548  449565  86  802  162  958  994
1 ธันวาคม 2548  388551  17  072  764  027  770
16 พฤศจิกายน 2548  742518  80  502  741  887  137
1 พฤศจิกายน 2548  970577  98  171  375  009  216
16 ตุลาคม 2548  041072  71  346  913  410  269
1 ตุลาคม 2548  766482  24  766  551  792  275
16 กันยายน 2548  214768  10  498  282  124  057
1 กันยายน 2548  316933  17  123  338  969  047
16 สิงหาคม 2548  475560  68  272  844  103  915
1 สิงหาคม 2548  961633  26  055  152  386  272
16 กรกฎาคม 2548  477452  13  757  150  460  642
1 กรกฎาคม 2548  009554  87  798  427  641  244
16 มิถุนายน 2548  793070  44  806  021  074  605
1 มิถุนายน 2548  176893  35  176  579  616  405
16 พฤษภาคม 2548  867134  97  376  648  465  693
2 พฤษภาคม 2548  772467  43  071  383  815  073
16 เมษายน 2548  119327  10  081  968  346  627
1 เมษายน 2548  815753  69  482  381  224  807
16 มีนาคม 2548  196345  03  073  601  783  394
1 มีนาคม 2548  800751  93  681  714  998  669
16 กุมภาพันธ์ 2548  816422  53  086  356  192  065
1 กุมภาพันธ์ 2548  540054  34  389  180  863  571
16 มกราคม 2548  335022  08  689  291  039  479
30 ธันวาคม 2547  168858  28  221  603  627  179
16 ธันวาคม 2547  479372  17  288  075  999  183
1 ธันวาคม 2547  504658  69  139  014  984  691
16 พฤศจิกายน 2547  754622  64  918  019  744  904
1 พฤศจิกายน 2547  185966  23  862  137  745  661
16 ตุลาคม 2547  355858  62  162  200  438  890
1 ตุลาคม 2547  110866  66  200  547  781  806
16 กันยายน 2547  923373  59  295  888  774  867
1 กันยายน 2547  096597  70  709  929  014  456
16 สิงหาคม 2547  335921  59  114  082  559  288
2 สิงหาคม 2547  868990  45  956  811  510  377
16 กรกฎาคม 2547  205588  25  696  726  461  154
1 กรกฎาคม 2547  312471  66  313  598  664  261
16 มิถุนายน 2547  208713  87  414  911  459  986
1 มิถุนายน 2547  614144  72  990  776  425  992
16 พฤษภาคม 2547  589207  13  492  992  526  253
2 พฤษภาคม 2547  653403  91  385  550  822  101
16 เมษายน 2547  705832  12  008  966  721  721
1 เมษายน 2547  196391  62  808  918  257  851
16 มีนาคม 2547  615366  69  779  094  478  830
1 มีนาคม 2547  697483  50  610  510  759  206
16 กุมภาพันธ์ 2547  698002  00  877  309  798  072
1 กุมภาพันธ์ 2547  216822  77  361  242  469  765
16 มกราคม 2547  731342  96  025  357  926  391