[new]
1562.0
1565.0
1902.0
1854.0
1904.0
1428.0
1411.0
1636.0
1398.0
1597.0
1565.0
1473.0
1473.0
1415.0
1389.0
1412.0
1342.0
1280.0
1471.0
1456.0
1462.0
1377.0
1323.0
1522.0
1133.0
980.0
1046.0
1425.0
1439.0
1532.0
1603.0
1541.0
1571.0
1519.0
1684.0
1481.0
1193.0
980.0
1150.0
1268.0
1475.0
1737.0
1636.0
1704.0
1807.0
1590.0
1895.0
1474.0
1674.0
1645.0
1630.0
1879.0
1736.0
1241.0
1104.0
1298.0
1268.0
1267.0
1809.0
1473.0
1395.0
1222.0
1085.0
1026.0
112.110351562
112.231445312
111.817382812
-1
-1
-1
-1
347
79
586
325
[new]
1626.0
1818.0
1865.0
1813.0
1899.0
1926.0
1779.0
1694.0
1579.0
1710.0
1831.0
1890.0
1890.0
1804.0
1578.0
1357.0
1582.0
1413.0
1208.0
1212.0
1170.0
1180.0
1073.0
1328.0
1265.0
1310.0
1328.0
1455.0
1593.0
1377.0
1366.0
1334.0
1401.0
1472.0
1592.0
1406.0
1672.0
1303.0
1233.0
1257.0
1483.0
1467.0
1567.0
1575.0
1678.0
1811.0
1829.0
1564.0
1790.0
2000.0
1818.0
1668.0
1541.0
1660.0
1467.0
1915.0
1236.0
1124.0
1546.0
1762.0
1476.0
1550.0
1149.0
1241.0
106.342773438
106.192382812
107.442382812
-1
-1
-1
-1
-1
-1
-1
-1
[new]
1653.0
1654.0
1949.0
1824.0
1900.0
1869.0
1610.0
1587.0
1415.0
1435.0
1642.0
1305.0
1548.0
1499.0
1253.0
1316.0
1153.0
1200.0
1211.0
1134.0
995.0
1000.0
1095.0
1076.0
1358.0
1081.0
1059.0
1479.0
1492.0
1648.0
1700.0
1617.0
1657.0
1493.0
1623.0
1427.0
1322.0
1143.0
1113.0
1391.0
1468.0
1431.0
1565.0
1618.0
1683.0
1813.0
1806.0
1351.0
1312.0
1404.0
1374.0
1688.0
1621.0
1187.0
1364.0
1503.0
1579.0
1444.0
1118.0
1384.0
1521.0
1332.0
1027.0
995.0
112.5234375
113.913085938
113.35546875
196
133
400
387
-1
-1
-1
-1
[new]
1660.0
1832.0
1686.0
1744.0
1643.0
1642.0
1894.0
1653.0
1599.0
1717.0
1459.0
1437.0
1600.0
1753.0
1391.0
1286.0
1100.0
1286.0
1439.0
1481.0
1664.0
1362.0
1418.0
1424.0
1322.0
1517.0
1481.0
1322.0
1502.0
1760.0
1636.0
1595.0
1149.0
1301.0
1402.0
1398.0
1626.0
1088.0
1443.0
1502.0
1381.0
1830.0
1820.0
1567.0
1746.0
1738.0
1724.0
1637.0
1730.0
2151.0
1627.0
1706.0
1615.0
1613.0
1578.0
1939.0
1589.0
1457.0
1138.0
1532.0
1352.0
1300.0
1344.0
1282.0
127.103515625
125.984375
124.033203125
-1
-1
-1
-1
-1
-1
-1
-1
[new]
1758.0
1587.0
1938.0
1782.0
1956.0
1820.0
1701.0
1566.0
1370.0
1392.0
1521.0
1463.0
1780.0
1454.0
1552.0
1473.0
1139.0
1527.0
1602.0
1452.0
1369.0
1279.0
1475.0
1350.0
1276.0
1148.0
1305.0
1444.0
1672.0
1542.0
1607.0
1696.0
1527.0
1622.0
1721.0
1470.0
1242.0
1151.0
1159.0
1339.0
1447.0
1878.0
1816.0
1642.0
1656.0
1692.0
1577.0
1532.0
1616.0
1442.0
1806.0
1793.0
1448.0
1377.0
1299.0
1487.0
1722.0
1382.0
1649.0
1492.0
1986.0
1643.0
1221.0
1162.0
115.2734375
115.290039062
115.4609375
156
188
340
407
439
164
640
377
[new]
1597.0
1585.0
1870.0
1688.0
1941.0
1707.0
1904.0
1614.0
1483.0
1703.0
1721.0
1843.0
1878.0
1672.0
1575.0
1450.0
1360.0
1314.0
1320.0
1151.0
1237.0
1044.0
1128.0
940.0
1087.0
1208.0
1433.0
1501.0
1609.0
1520.0
1447.0
1509.0
1470.0
1628.0
1811.0
1548.0
1305.0
1161.0
1211.0
1245.0
1528.0
1512.0
1564.0
1678.0
1735.0
1732.0
1594.0
1603.0
1873.0
2063.0
1756.0
1741.0
1622.0
1660.0
1429.0
1415.0
1489.0
1211.0
1040.0
1487.0
1419.0
1347.0
1047.0
1115.0
113.036132812
113.0390625
114.440429688
-1
-1
-1
-1
-1
-1
-1
-1
[new]
1495.0
1722.0
1651.0
1653.0
1590.0
1604.0
1713.0
1687.0
1607.0
1724.0
1525.0
1485.0
1604.0
1443.0
1419.0
1296.0
1094.0
1332.0
1174.0
1324.0
1131.0
963.0
1211.0
1342.0
1329.0
1481.0
1178.0
1158.0
1379.0
1555.0
1649.0
1594.0
1540.0
1421.0
973.0
1280.0
964.0
997.0
1255.0
1516.0
1535.0
1716.0
1733.0
1647.0
1874.0
1782.0
1670.0
1874.0
1743.0
1394.0
1665.0
1435.0
1446.0
1346.0
1478.0
1367.0
1663.0
1579.0
1220.0
1278.0
1452.0
1065.0
1112.0
1092.0
117.547851562
117.979492188
118.045898438
183
203
342
388
362
188
555
381
[new]
1623.0
1741.0
1937.0
1810.0
1899.0
1859.0
1675.0
1645.0
1431.0
1651.0
1569.0
1604.0
1840.0
1508.0
1648.0
1546.0
1260.0
1469.0
1592.0
1233.0
1081.0
1179.0
1008.0
973.0
992.0
983.0
821.0
1046.0
1144.0
1467.0
1292.0
1637.0
1445.0
1561.0
1655.0
1466.0
1224.0
1091.0
1206.0
1346.0
1624.0
1507.0
1641.0
1871.0
1801.0
1778.0
1650.0
1473.0
1608.0
1555.0
1468.0
1588.0
1356.0
1215.0
1297.0
1293.0
1446.0
1411.0
1200.0
1177.0
1298.0
1494.0
1188.0
1230.0
113.267578125
114.862304688
116.364257812
436
167
639
473
-1
-1
-1
-1
[new]
1669.0
1657.0
1911.0
1787.0
1865.0
1856.0
1721.0
1480.0
1487.0
1420.0
1534.0
1519.0
1813.0
1576.0
1625.0
1463.0
1306.0
1246.0
1352.0
1688.0
1411.0
1210.0
1202.0
1086.0
1128.0
1135.0
923.0
1189.0
1311.0
1377.0
1642.0
1501.0
1574.0
1633.0
1697.0
1468.0
1218.0
983.0
1120.0
1321.0
1588.0
1604.0
1641.0
1552.0
1723.0
1606.0
1918.0
1791.0
1418.0
1321.0
1487.0
1697.0
1535.0
1448.0
1362.0
1663.0
1660.0
1670.0
946.0
1378.0
1670.0
1288.0
1050.0
1060.0
118.2734375
120.297851562
120.36328125
362
270
610
470
-1
-1
-1
-1
[new]
1610.0
1601.0
1953.0
1681.0
1869.0
1729.0
1684.0
1455.0
1566.0
1662.0
1446.0
1411.0
1504.0
1387.0
1202.0
1327.0
1112.0
1236.0
1271.0
1164.0
1311.0
1020.0
1024.0
1082.0
1008.0
1167.0
1369.0
1529.0
1514.0
1455.0
1560.0
1399.0
1563.0
1585.0
1691.0
1458.0
1155.0
1028.0
1052.0
1144.0
1696.0
1636.0
1728.0
1443.0
1622.0
1486.0
1522.0
1264.0
1477.0
1447.0
1735.0
1641.0
1559.0
1360.0
1404.0
1258.0
1823.0
1485.0
971.0
1330.0
1342.0
1406.0
1019.0
978.0
119.116210938
119.077148438
118.540039062
106
90
307
314
387
324
598
474
[new]
1699.0
1618.0
1838.0
1717.0
1804.0
1700.0
1769.0
1561.0
1483.0
1556.0
1673.0
1672.0
1762.0
1743.0
1301.0
1461.0
1293.0
1318.0
1522.0
1403.0
1216.0
1194.0
1145.0
1099.0
1131.0
1146.0
1549.0
1581.0
1684.0
1672.0
1310.0
1597.0
1516.0
1816.0
1736.0
1407.0
1126.0
1107.0
1226.0
1391.0
1398.0
1678.0
1714.0
1620.0
1944.0
1700.0
1614.0
1397.0
1543.0
1776.0
1823.0
1812.0
1859.0
1688.0
1476.0
1137.0
1811.0
1371.0
1119.0
1339.0
1536.0
1225.0
1072.0
1240.0
116.004882812
116.741210938
115.779296875
-1
-1
-1
-1
-1
-1
-1
-1
[new]
1699.0
1661.0
1941.0
1798.0
1844.0
1658.0
1732.0
1481.0
1495.0
1666.0
1469.0
1609.0
1690.0
1509.0
1278.0
1389.0
1195.0
1229.0
1283.0
964.0
1158.0
889.0
988.0
1387.0
1005.0
1342.0
1297.0
1290.0
1529.0
1603.0
1718.0
1631.0
1529.0
1487.0
1578.0
1547.0
1263.0
1187.0
1160.0
1433.0
1551.0
1497.0
1512.0
1774.0
1733.0
1647.0
1571.0
1408.0
1484.0
1340.0
1428.0
1359.0
1462.0
1556.0
1632.0
1590.0
1629.0
1342.0
1127.0
1468.0
1490.0
1398.0
1032.0
1213.0
113.931640625
115.744140625
115.034179688
-1
-1
-1
-1
268
189
522
415
[new]
1647.0
1716.0
1850.0
1781.0
1852.0
1684.0
1741.0
1538.0
1312.0
1475.0
1526.0
1524.0
1610.0
1393.0
1319.0
1257.0
1147.0
1499.0
1600.0
1584.0
1321.0
1209.0
1346.0
1251.0
1160.0
1049.0
1398.0
1570.0
1605.0
1571.0
1390.0
1441.0
1426.0
1598.0
1614.0
1493.0
1278.0
1134.0
1176.0
1382.0
1736.0
1792.0
1749.0
1860.0
1723.0
1446.0
1662.0
1079.0
1373.0
1365.0
1673.0
1441.0
1444.0
1321.0
1676.0
1642.0
1706.0
1305.0
1319.0
1558.0
1689.0
1473.0
1058.0
1175.0
110.82421875
111.595703125
111.84375
129
191
332
403
405
212
613
388
[new]
1731.0
1552.0
1885.0
1724.0
1865.0
1702.0
1697.0
1616.0
1478.0
1555.0
1528.0
1356.0
1618.0
1333.0
1274.0
1300.0
1095.0
1272.0
1404.0
1187.0
1066.0
1091.0
961.0
1273.0
1046.0
1224.0
1456.0
1522.0
1615.0
1593.0
1542.0
1538.0
1523.0
1609.0
1780.0
1547.0
1171.0
1128.0
1126.0
1187.0
1493.0
1615.0
1732.0
1296.0
1755.0
1591.0
1704.0
1209.0
1622.0
1446.0
1722.0
1647.0
1535.0
1468.0
1359.0
1271.0
1721.0
1495.0
1095.0
1341.0
1422.0
1354.0
1132.0
1003.0
119.513671875
119.205078125
119.602539062
113
102
295
339
412
308
611
478
[new]
1552.0
1736.0
1578.0
1604.0
1428.0
1539.0
1655.0
1448.0
1424.0
1552.0
1498.0
1364.0
1339.0
1279.0
1134.0
1592.0
1207.0
1236.0
1227.0
1202.0
1233.0
805.0
825.0
787.0
1336.0
1392.0
1367.0
1549.0
1508.0
1671.0
1624.0
1447.0
1486.0
1413.0
990.0
1236.0
1040.0
1000.0
1194.0
1141.0
1307.0
1522.0
1444.0
1656.0
1381.0
1601.0
1517.0
1472.0
1310.0
1242.0
1762.0
1827.0
1480.0
1523.0
1403.0
1215.0
1704.0
1764.0
1138.0
1244.0
1792.0
1278.0
1056.0
1000.0
121.490234375
122.969726562
123.334960938
100
147
323
386
373
231
624
442
[new]
1456.0
1687.0
1829.0
1584.0
1792.0
1560.0
1619.0
1388.0
1650.0
1596.0
1633.0
1868.0
1642.0
1426.0
1594.0
1421.0
1146.0
1414.0
1296.0
1560.0
1487.0
1121.0
1153.0
1277.0
1297.0
1269.0
1020.0
1208.0
1499.0
1553.0
1605.0
1583.0
1591.0
1416.0
1355.0
1303.0
1225.0
931.0
1097.0
1405.0
1432.0
1717.0
1642.0
1729.0
1826.0
1730.0
1419.0
1557.0
1619.0
1631.0
1739.0
1689.0
1564.0
1769.0
1537.0
1091.0
1848.0
1509.0
1322.0
1477.0
1413.0
1216.0
1178.0
1256.0
120.506835938
121.116210938
121.947265625
-1
-1
-1
-1
-1
-1
-1
-1
[new]
1721.0
1643.0
1913.0
1822.0
1941.0
1687.0
1760.0
1577.0
1297.0
1483.0
1542.0
1321.0
1548.0
1384.0
1128.0
1377.0
1117.0
1235.0
1185.0
1174.0
1183.0
1229.0
970.0
1319.0
1072.0
1119.0
1304.0
1580.0
1532.0
1549.0
1570.0
1428.0
1496.0
1517.0
1681.0
1537.0
1281.0
1128.0
1244.0
1436.0
1403.0
1736.0
1698.0
1454.0
1392.0
1451.0
1588.0
1506.0
1335.0
1507.0
1380.0
1697.0
1580.0
1582.0
1318.0
1310.0
1587.0
1285.0
1165.0
1516.0
1604.0
1229.0
1089.0
978.0
114.825195312
116.958007812
115.122070312
142
125
363
370
-1
-1
-1
-1
[new]
1486.0
1750.0
1653.0
1516.0
1637.0
1648.0
1567.0
1617.0
1397.0
1496.0
1627.0
1423.0
1583.0
1366.0
1366.0
1559.0
1273.0
1414.0
1248.0
1408.0
1289.0
890.0
1009.0
953.0
1018.0
1255.0
1377.0
1653.0
1592.0
1571.0
1560.0
1475.0
1603.0
1465.0
1121.0
1227.0
997.0
976.0
1039.0
1485.0
1520.0
1681.0
1727.0
1874.0
1842.0
1942.0
1594.0
1268.0
1538.0
1531.0
1478.0
1668.0
1484.0
1307.0
1437.0
1216.0
1731.0
1670.0
1132.0
1298.0
1432.0
1195.0
1160.0
1038.0
118.21484375
120.185546875
121.432617188
202
233
342
387
423
239
561
401
[new]
1233.0
1238.0
1413.0
1521.0
1291.0
1364.0
1316.0
1523.0
1473.0
1429.0
1437.0
1377.0
1169.0
1306.0
1253.0
1158.0
1498.0
1585.0
1275.0
1365.0
1062.0
1112.0
1198.0
1178.0
1140.0
1226.0
1208.0
1247.0
1075.0
1004.0
1012.0
974.0
1071.0
808.0
793.0
1108.0
940.0
1059.0
1157.0
1559.0
1333.0
1235.0
1472.0
1322.0
1345.0
1334.0
1176.0
1198.0
1423.0
1297.0
1310.0
1648.0
1478.0
1220.0
1207.0
1177.0
1318.0
1829.0
1338.0
1118.0
1247.0
1344.0
1432.0
1364.0
76.4736328125
78.005859375
76.814453125
-1
-1
-1
-1
-1
-1
-1
-1
[new]
1588.0
1747.0
1876.0
1818.0
1913.0
1778.0
1903.0
1595.0
1400.0
1751.0
1792.0
1831.0
1857.0
1644.0
1622.0
1419.0
1102.0
1319.0
1436.0
1252.0
1218.0
1037.0
1126.0
1006.0
1202.0
1275.0
1457.0
1452.0
1432.0
1504.0
1233.0
1466.0
1249.0
1571.0
1696.0
1515.0
1242.0
996.0
1294.0
1264.0
1516.0
1485.0
1543.0
1710.0
1759.0
1720.0
1604.0
1584.0
1910.0
2049.0
1674.0
1717.0
1671.0
1695.0
1532.0
1491.0
1431.0
1192.0
1208.0
1530.0
1552.0
1500.0
977.0
1174.0
110.953125
112.333007812
113.22265625
-1
-1
-1
-1
-1
-1
-1
-1
[new]
1554.0
2002.0
1860.0
1717.0
1817.0
1821.0
1809.0
1737.0
1448.0
1576.0
1739.0
1798.0
1797.0
1891.0
1635.0
1385.0
1591.0
1388.0
1407.0
1415.0
1322.0
1182.0
1219.0
1319.0
1229.0
1176.0
1259.0
1304.0
1417.0
1322.0
1277.0
1330.0
1600.0
1441.0
1501.0
1160.0
1463.0
1354.0
1224.0
1240.0
1471.0
1376.0
1548.0
1605.0
1546.0
1703.0
1712.0
1427.0
1822.0
1816.0
1513.0
1605.0
1490.0
1670.0
1379.0
1700.0
1042.0
1163.0
2035.0
1753.0
1837.0
1793.0
1566.0
1188.0
101.95703125
100.330078125
100.956054688
-1
-1
-1
-1
-1
-1
-1
-1
[new]
1644.0
1607.0
1784.0
1648.0
1784.0
1846.0
1712.0
1547.0
1374.0
1442.0
1697.0
1536.0
1702.0
1821.0
1491.0
1491.0
1016.0
1362.0
1343.0
1301.0
1105.0
1118.0
1001.0
959.0
980.0
1018.0
1035.0
1286.0
1386.0
1548.0
1652.0
1604.0
1596.0
1511.0
1540.0
1388.0
1085.0
1023.0
1127.0
1452.0
1401.0
1676.0
1660.0
1830.0
1865.0
1861.0
1676.0
1524.0
1326.0
1434.0
1449.0
1789.0
1534.0
1286.0
1367.0
1325.0
1804.0
1634.0
598.0
1339.0
1487.0
1145.0
1121.0
987.0
120.311523438
120.360351562
120.607421875
247
140
412
394
-1
-1
-1
-1
[new]
1449.0
1622.0
1795.0
1684.0
1543.0
1710.0
1635.0
1638.0
1453.0
1461.0
1533.0
1457.0
1445.0
1728.0
1890.0
1434.0
1476.0
1485.0
1486.0
1543.0
1476.0
1110.0
1354.0
1351.0
1291.0
1268.0
1483.0
1344.0
1473.0
1465.0
1454.0
1297.0
1236.0
1215.0
1364.0
1338.0
1379.0
1510.0
1497.0
1464.0
1245.0
1446.0
1677.0
1264.0
1329.0
1352.0
1588.0
1646.0
1518.0
1664.0
1310.0
1481.0
1550.0
1682.0
1345.0
1610.0
967.0
1072.0
1961.0
1621.0
1801.0
1944.0
2033.0
1724.0
105.114257812
105.859375
105.645507812
-1
-1
-1
-1
-1
-1
-1
-1
[new]
1548.0
1639.0
1565.0
1694.0
1623.0
1558.0
1740.0
1569.0
1615.0
1341.0
1813.0
1833.0
1745.0
1596.0
1603.0
1613.0
1349.0
1326.0
1209.0
1700.0
1486.0
1292.0
1253.0
1173.0
1276.0
1328.0
1165.0
1514.0
1487.0
1532.0
1684.0
1373.0
1415.0
1514.0
886.0
1342.0
945.0
1064.0
1248.0
1358.0
1536.0
1649.0
1693.0
1612.0
1583.0
2103.0
1723.0
1526.0
1816.0
2022.0
1798.0
1750.0
1950.0
1816.0
1487.0
937.0
1939.0
1715.0
1360.0
1591.0
1245.0
1084.0
1203.0
1332.0
122.951171875
123.411132812
123.197265625
-1
-1
-1
-1
-1
-1
-1
-1
[new]
1624.0
1868.0
1865.0
1711.0
1628.0
1783.0
1577.0
1605.0
1459.0
1232.0
1667.0
1507.0
1417.0
1493.0
1739.0
1544.0
1578.0
1608.0
1758.0
1516.0
1592.0
1506.0
1423.0
1240.0
1108.0
1360.0
1540.0
1555.0
1578.0
1394.0
1370.0
1432.0
1273.0
1398.0
1357.0
1332.0
1409.0
1401.0
1179.0
1219.0
1229.0
1426.0
1680.0
1607.0
1673.0
1643.0
1654.0
1579.0
1492.0
1573.0
1539.0
1553.0
1276.0
1438.0
1690.0
1738.0
1482.0
1550.0
1961.0
1690.0
1839.0
1789.0
1907.0
1701.0
99.7294921875
99.806640625
92.7890625
-1
-1
-1
-1
389
164
581
385
[new]
1591.0
1736.0
1905.0
1830.0
1845.0
1699.0
1607.0
1448.0
1485.0
1528.0
1521.0
1635.0
1473.0
1637.0
1399.0
1197.0
1283.0
1431.0
1297.0
1143.0
1054.0
1055.0
847.0
1308.0
1509.0
1323.0
1066.0
1362.0
1373.0
1418.0
1407.0
1541.0
1452.0
1461.0
1563.0
1433.0
1294.0
1135.0
1196.0
1408.0
1563.0
1413.0
1415.0
1660.0
1690.0
1513.0
1607.0
1433.0
1407.0
1426.0
1492.0
1422.0
1726.0
1318.0
1398.0
1910.0
1298.0
1402.0
1235.0
1554.0
1507.0
1460.0
981.0
1181.0
110.465820312
113.71484375
112.645507812
-1
-1
-1
-1
210
161
440
380
[new]
1712.0
1676.0
1983.0
1875.0
1923.0
1826.0
1744.0
1556.0
1216.0
1451.0
1369.0
1417.0
1518.0
1368.0
1103.0
1164.0
1288.0
1242.0
1326.0
1234.0
1037.0
961.0
897.0
1110.0
1111.0
1161.0
1279.0
1595.0
1640.0
1521.0
1559.0
1597.0
1378.0
1476.0
1682.0
1552.0
1261.0
1002.0
1113.0
1171.0
1786.0
1398.0
1846.0
1185.0
1352.0
1591.0
1645.0
1559.0
1463.0
1565.0
1333.0
1598.0
1611.0
1513.0
1446.0
1334.0
1631.0
1262.0
1310.0
1450.0
1568.0
1293.0
1065.0
1020.0
113.065429688
116.174804688
114.692382812
101
153
388
425
-1
-1
-1
-1
[new]
1618.0
1707.0
1915.0
1822.0
1963.0
1807.0
1659.0
1507.0
1628.0
1741.0
1471.0
1746.0
1645.0
1520.0
1505.0
1445.0
1376.0
1484.0
1281.0
1350.0
1203.0
1228.0
1311.0
1233.0
1272.0
1211.0
1207.0
1398.0
1458.0
1577.0
1578.0
1572.0
1445.0
1606.0
1637.0
1467.0
1211.0
1070.0
1211.0
1409.0
1617.0
1471.0
1638.0
1711.0
1765.0
1629.0
1725.0
1521.0
1597.0
1400.0
1529.0
1532.0
1625.0
1687.0
1744.0
1739.0
1611.0
1447.0
1873.0
1592.0
1365.0
1303.0
1100.0
1161.0
117.599609375
119.272460938
118.537109375
339
73
603
313
-1
-1
-1
-1
[new]
1551.0
1523.0
1769.0
1778.0
1778.0
1614.0
1553.0
1424.0
1582.0
1629.0
1817.0
1690.0
1737.0
1594.0
1343.0
1435.0
1295.0
1225.0
1159.0
1443.0
1275.0
922.0
1054.0
1027.0
1203.0
1175.0
1148.0
967.0
1143.0
1358.0
1358.0
1528.0
1595.0
1607.0
1616.0
1387.0
1066.0
1095.0
1127.0
1423.0
1509.0
1597.0
1410.0
1470.0
1702.0
1793.0
1600.0
1679.0
1734.0
1562.0
1473.0
1079.0
1201.0
1653.0
1763.0
1192.0
1739.0
1186.0
754.0
1343.0
1536.0
1186.0
1079.0
941.0
115.6640625
118.166992188
117.744140625
-1
-1
-1
-1
315
164
515
414
[new]
1573.0
1752.0
1955.0
1814.0
1884.0
1875.0
1817.0
1431.0
1428.0
1496.0
1541.0
1637.0
1744.0
1681.0
1459.0
1444.0
1350.0
1452.0
1476.0
1433.0
1269.0
1265.0
1104.0
1046.0
1238.0
1285.0
1493.0
1643.0
1699.0
1472.0
1511.0
1589.0
1366.0
1374.0
1556.0
1505.0
1466.0
1292.0
1232.0
1478.0
1730.0
1605.0
1559.0
1827.0
1955.0
1842.0
1682.0
1504.0
1696.0
1481.0
1640.0
1561.0
1699.0
1353.0
1546.0
1528.0
1558.0
1313.0
1386.0
1670.0
1429.0
1430.0
1196.0
1397.0
113.23046875
113.725585938
112.618164062
-1
-1
-1
-1
-1
-1
-1
-1
[new]
1674.0
1603.0
1848.0
1757.0
1871.0
1904.0
1708.0
1630.0
1362.0
1443.0
1468.0
1340.0
1649.0
1475.0
1537.0
1323.0
1132.0
1223.0
1445.0
1620.0
1348.0
1317.0
1358.0
1298.0
1152.0
1162.0
1019.0
1442.0
1631.0
1517.0
1552.0
1579.0
1513.0
1552.0
1641.0
1499.0
1205.0
1066.0
1160.0
1403.0
1547.0
1611.0
1707.0
1737.0
1660.0
1641.0
1569.0
1629.0
1567.0
1402.0
1851.0
1726.0
1521.0
1363.0
1315.0
1560.0
1510.0
1238.0
1491.0
1593.0
1611.0
1398.0
1017.0
1084.0
116.185546875
117.543945312
117.119140625
141
165
295
388
428
150
593
359
[new]
1657.0
1648.0
1984.0
1738.0
1827.0
1704.0
1801.0
1532.0
1551.0
1495.0
1566.0
1687.0
1656.0
1410.0
1406.0
1412.0
1237.0
1238.0
1551.0
1397.0
1285.0
1049.0
966.0
949.0
983.0
1019.0
1047.0
1322.0
1467.0
1441.0
1609.0
1550.0
1575.0
1607.0
1781.0
1387.0
1177.0
1055.0
1092.0
1301.0
1602.0
1608.0
1636.0
1845.0
1802.0
1686.0
1479.0
1507.0
1665.0
1263.0
1731.0
1466.0
1537.0
1540.0
1302.0
1740.0
1399.0
1375.0
827.0
1368.0
1592.0
1332.0
1020.0
887.0
116.334960938
117.125976562
117.826171875
316
123
565
364
-1
-1
-1
-1
[new]
1660.0
1624.0
1719.0
1603.0
1766.0
1546.0
1549.0
1374.0
1603.0
1444.0
1533.0
1765.0
1660.0
1492.0
1483.0
1589.0
1276.0
1501.0
1314.0
1246.0
1326.0
982.0
1112.0
1180.0
1109.0
1158.0
1159.0
963.0
1140.0
1320.0
1389.0
1276.0
1580.0
1673.0
1089.0
1256.0
1056.0
926.0
1173.0
1388.0
1434.0
1655.0
1400.0
1461.0
1824.0
1797.0
1819.0
1358.0
1438.0
1567.0
1709.0
1373.0
1319.0
1807.0
1415.0
1323.0
1966.0
1435.0
709.0
1211.0
1436.0
1109.0
1050.0
1105.0
118.05859375
119.736328125
119.608398438
-1
-1
-1
-1
373
261
529
421
[new]
1588.0
1513.0
1853.0
1795.0
1906.0
1565.0
1656.0
1510.0
1492.0
1679.0
1761.0
1533.0
1537.0
1298.0
1330.0
1175.0
1049.0
1102.0
1448.0
1350.0
1183.0
645.0
949.0
1167.0
1288.0
1276.0
1090.0
1325.0
1497.0
1452.0
1515.0
1579.0
1439.0
1510.0
1691.0
1435.0
1221.0
1114.0
1125.0
1349.0
1542.0
1496.0
1532.0
1903.0
1708.0
1622.0
1465.0
1609.0
1550.0
1581.0
1433.0
1513.0
1434.0
1214.0
1457.0
1100.0
1463.0
1201.0
1236.0
1351.0
1545.0
1283.0
1010.0
974.0
113.142578125
115.869140625
115.615234375
-1
-1
-1
-1
300
152
614
437
[new]
1600.0
1729.0
1817.0
1757.0
2017.0
1798.0
1700.0
1413.0
1626.0
1744.0
1613.0
1493.0
1699.0
1560.0
1490.0
1370.0
1107.0
1483.0
1542.0
1319.0
1314.0
1256.0
1098.0
1043.0
1111.0
1195.0
1266.0
1181.0
1329.0
1403.0
1328.0
1476.0
1475.0
1583.0
1655.0
1461.0
1211.0
1109.0
1116.0
1468.0
1563.0
1463.0
1530.0
1757.0
1769.0
1596.0
1781.0
1654.0
1561.0
1740.0
1869.0
1465.0
1354.0
1506.0
1626.0
1097.0
1666.0
1300.0
1130.0
1054.0
1697.0
1252.0
1139.0
1230.0
113.865234375
115.619140625
115.861328125
-1
-1
-1
-1
-1
-1
-1
-1
[new]
1682.0
1668.0
1818.0
1844.0
2015.0
1945.0
1751.0
1653.0
1282.0
1378.0
1426.0
1562.0
1648.0
1549.0
1395.0
1538.0
1369.0
1341.0
1284.0
1116.0
1151.0
886.0
917.0
930.0
804.0
970.0
1136.0
1586.0
1460.0
1498.0
1577.0
1611.0
1499.0
1606.0
1683.0
1460.0
1335.0
1040.0
1152.0
1387.0
1490.0
1621.0
1617.0
1712.0
1867.0
1601.0
1766.0
1567.0
1250.0
1292.0
1224.0
1682.0
1576.0
1577.0
1498.0
1270.0
1687.0
1518.0
667.0
1401.0
1500.0
1316.0
950.0
979.0
115.467773438
115.12109375
115.252929688
189
244
417
447
-1
-1
-1
-1
[new]
1637.0
1765.0
1920.0
1781.0
1830.0
1813.0
1681.0
1640.0
1330.0
1360.0
1740.0
1559.0
1682.0
1677.0
1435.0
1453.0
1379.0
1420.0
1562.0
1383.0
1333.0
1154.0
1187.0
1210.0
1127.0
1344.0
1479.0
1432.0
1379.0
1366.0
1478.0
1314.0
1391.0
1587.0
1851.0
1846.0
1423.0
1389.0
1347.0
1326.0
1576.0
1562.0
1537.0
1714.0
1631.0
1691.0
1605.0
1555.0
1444.0
1529.0
1730.0
1621.0
1491.0
1447.0
1826.0
1973.0
1386.0
1245.0
1250.0
1277.0
1124.0
1264.0
1249.0
963.0
121.829101562
122.864257812
123.774414062
-1
-1
-1
-1
-1
-1
-1
-1
[new]
1234.0
1168.0
1658.0
1598.0
1533.0
1587.0
1414.0
1400.0
1561.0
1390.0
1141.0
1183.0
1043.0
1201.0
1303.0
1376.0
1293.0
1347.0
1425.0
1288.0
1202.0
1123.0
1089.0
1202.0
1197.0
1129.0
1119.0
1085.0
1157.0
1446.0
1376.0
1273.0
963.0
829.0
842.0
903.0
1035.0
904.0
922.0
1152.0
1110.0
1196.0
1240.0
1434.0
1606.0
1541.0
1529.0
1557.0
1568.0
1643.0
1459.0
1343.0
1365.0
1023.0
1451.0
1190.0
1197.0
1769.0
1723.0
1286.0
1297.0
1419.0
1511.0
1534.0
71.646484375
72.6591796875
74.095703125
234
214
371
399
-1
-1
-1
-1
[new]
1560.0
1686.0
1917.0
1835.0
1703.0
1629.0
1597.0
1663.0
1474.0
1688.0
1734.0
1470.0
1517.0
1618.0
1405.0
1277.0
1566.0
1364.0
1307.0
1079.0
995.0
1284.0
1267.0
1087.0
1311.0
1295.0
1414.0
1460.0
1513.0
1646.0
1656.0
1415.0
1495.0
1434.0
1686.0
1456.0
1378.0
1092.0
1054.0
1216.0
1505.0
1743.0
1623.0
1522.0
1714.0
1670.0
1467.0
1848.0
1797.0
1510.0
1550.0
1513.0
1712.0
1604.0
1669.0
1563.0
1512.0
1446.0
1279.0
1509.0
1512.0
1327.0
971.0
1055.0
115.235351562
116.16015625
116.569335938
-1
-1
-1
-1
102
155
355
366
[new]
1728.0
1733.0
1975.0
1814.0
1940.0
1601.0
1766.0
1506.0
1522.0
1546.0
1705.0
1578.0
1528.0
1524.0
1407.0
1386.0
1255.0
1435.0
1372.0
1250.0
1249.0
1142.0
1220.0
1247.0
1113.0
1337.0
949.0
1337.0
1391.0
1557.0
1684.0
1583.0
1516.0
1523.0
1721.0
1590.0
1163.0
1073.0
1219.0
1375.0
1577.0
1560.0
1660.0
1858.0
1733.0
1651.0
1354.0
1643.0
1596.0
1799.0
1715.0
1601.0
1456.0
1347.0
1374.0
1611.0
1738.0
1534.0
1128.0
1463.0
1497.0
1267.0
1041.0
997.0
116.05859375
117.719726562
116.515625
-1
-1
-1
-1
391
133
543
405
[new]
1732.0
1561.0
1946.0
1674.0
1897.0
1696.0
1629.0
1598.0
1425.0
1409.0
1639.0
1829.0
1703.0
1554.0
1498.0
1479.0
1320.0
1349.0
1247.0
1213.0
1037.0
900.0
1079.0
982.0
1127.0
971.0
1246.0
1381.0
1531.0
1608.0
1675.0
1589.0
1553.0
1622.0
1797.0
1574.0
1194.0
973.0
1156.0
1428.0
1421.0
1600.0
1734.0
1679.0
1872.0
1739.0
1752.0
1514.0
1474.0
1452.0
1488.0
1605.0
1604.0
1405.0
1468.0
1379.0
1757.0
1428.0
934.0
1238.0
1470.0
1265.0
1034.0
915.0
118.926757812
120.23828125
120.874023438
294
237
423
394
-1
-1
-1
-1
[new]
1671.0
1671.0
1975.0
1906.0
1941.0
1764.0
1541.0
1522.0
1557.0
1539.0
1648.0
1657.0
1679.0
1526.0
1397.0
1325.0
954.0
1207.0
1248.0
1074.0
1160.0
1083.0
1191.0
1283.0
1147.0
1216.0
1129.0
1443.0
1613.0
1537.0
1563.0
1710.0
1484.0
1519.0
1661.0
1519.0
1250.0
1101.0
1165.0
1311.0
1586.0
1472.0
1714.0
1711.0
1828.0
1813.0
1635.0
1741.0
1738.0
1398.0
1243.0
1222.0
1211.0
1646.0
1462.0
1656.0
1636.0
1433.0
1555.0
1416.0
1512.0
1167.0
1095.0
977.0
119.201171875
119.66796875
118.407226562
289
82
503
328
-1
-1
-1
-1
[new]
1719.0
1756.0
1897.0
1795.0
1755.0
1787.0
1514.0
1673.0
1337.0
1461.0
1646.0
1669.0
1748.0
1369.0
1457.0
1506.0
1277.0
1437.0
1576.0
1598.0
1483.0
1130.0
1329.0
1097.0
1090.0
1402.0
1358.0
1703.0
1740.0
1572.0
1532.0
1429.0
1473.0
1587.0
1702.0
1531.0
1265.0
1037.0
1341.0
1660.0
2010.0
1725.0
2048.0
1804.0
1699.0
1651.0
1659.0
1444.0
1445.0
1466.0
1536.0
1619.0
1410.0
1281.0
1421.0
1738.0
1682.0
1357.0
1302.0
1268.0
1734.0
1535.0
1178.0
1234.0
113.076171875
114.125976562
113.157226562
82
238
326
452
411
231
641
427
[new]
1582.0
1502.0
1898.0
1867.0
1981.0
1847.0
1727.0
1500.0
1323.0
1420.0
1387.0
1556.0
1750.0
1642.0
1453.0
1477.0
1134.0
1369.0
1558.0
1388.0
1279.0
1085.0
1137.0
952.0
1090.0
996.0
1187.0
1472.0
1573.0
1500.0
1600.0
1644.0
1434.0
1553.0
1635.0
1500.0
1103.0
941.0
1215.0
1415.0
1557.0
1486.0
1607.0
1668.0
1849.0
1641.0
1792.0
1637.0
1574.0
1542.0
1326.0
1707.0
1525.0
1434.0
1625.0
1634.0
1650.0
1437.0
848.0
1480.0
1506.0
1340.0
1053.0
1162.0
113.203125
114.333007812
113.802734375
261
330
489
482
-1
-1
-1
-1
[new]
1603.0
1654.0
1814.0
1834.0
1915.0
1790.0
1880.0
1561.0
1496.0
1662.0
1796.0
1698.0
1817.0
1673.0
1540.0
1434.0
1005.0
1397.0
1475.0
1125.0
1326.0
936.0
1069.0
1033.0
1190.0
1317.0
1428.0
1360.0
1391.0
1598.0
1484.0
1393.0
1442.0
1432.0
1637.0
1470.0
1337.0
1143.0
1164.0
1265.0
1452.0
1473.0
1640.0
1775.0
1767.0
1737.0
1582.0
1524.0
1820.0
1996.0
1944.0
1736.0
1660.0
1615.0
1395.0
1368.0
1477.0
1180.0
1201.0
1439.0
1529.0
1360.0
1047.0
1087.0
112.14453125
113.34765625
113.498046875
-1
-1
-1
-1
-1
-1
-1
-1
[new]
1577.0
1758.0
1899.0
1848.0
1944.0
1804.0
1639.0
1472.0
1526.0
1381.0
1549.0
1622.0
1702.0
1547.0
1484.0
1407.0
1237.0
1341.0
1519.0
1412.0
1245.0
1166.0
1158.0
1054.0
1203.0
1158.0
1131.0
1268.0
1503.0
1580.0
1682.0
1467.0
1484.0
1494.0
1622.0
1481.0
1250.0
1024.0
1171.0
1457.0
1590.0
1458.0
1419.0
1467.0
1586.0
1771.0
1586.0
1583.0
1713.0
1748.0
1638.0
1564.0
1618.0
1451.0
1581.0
1804.0
1485.0
1353.0
1456.0
1438.0
1539.0
1289.0
1063.0
1100.0
112.750976562
114.182617188
114.090820312
300
476
585
284
-1
-1
-1
-1
[new]
1517.0
1760.0
1900.0
1869.0
1806.0
1770.0
1800.0
1588.0
1446.0
1682.0
1553.0
1697.0
1731.0
1741.0
1594.0
1583.0
1612.0
1440.0
1415.0
1420.0
1396.0
1279.0
1192.0
1362.0
1093.0
1164.0
1028.0
1149.0
1281.0
1300.0
1275.0
1365.0
1360.0
1437.0
1462.0
1407.0
1628.0
1240.0
1185.0
1446.0
1501.0
1409.0
1549.0
1644.0
1880.0
1795.0
1549.0
1610.0
1815.0
1938.0
1609.0
1626.0
1064.0
1286.0
1497.0
1571.0
1414.0
1162.0
1816.0
1655.0
1364.0
1330.0
1335.0
1224.0
110.813476562
111.069335938
110.907226562
-1
-1
-1
-1
-1
-1
-1
-1
[new]
1636.0
1690.0
1793.0
1849.0
1946.0
1678.0
1743.0
1552.0
1203.0
1612.0
1642.0
1312.0
1448.0
1242.0
1298.0
1315.0
1019.0
1237.0
1407.0
1277.0
1182.0
1098.0
1153.0
1049.0
1114.0
1258.0
1329.0
1553.0
1531.0
1538.0
1577.0
1539.0
1455.0
1488.0
1671.0
1539.0
1287.0
1031.0
1225.0
1414.0
1708.0
1661.0
1418.0
1254.0
1526.0
1521.0
1710.0
1640.0
1383.0
1536.0
1590.0
1674.0
1593.0
1405.0
1209.0
1570.0
1626.0
1262.0
1004.0
1322.0
1562.0
1437.0
1073.0
1026.0
115.971679688
118.797851562
117.255859375
139
131
320
346
-1
-1
-1
-1
[new]
1648.0
1719.0
1895.0
1784.0
1920.0
1850.0
1672.0
1588.0
1450.0
1592.0
1560.0
1829.0
1526.0
1758.0
1369.0
1369.0
1370.0
1338.0
1391.0
1167.0
1301.0
1234.0
1250.0
1163.0
1157.0
1332.0
1406.0
1426.0
1735.0
1413.0
1284.0
1395.0
1410.0
1488.0
1753.0
1496.0
1622.0
1088.0
1371.0
1384.0
1641.0
1536.0
1561.0
1803.0
1712.0
1662.0
1467.0
1493.0
1350.0
1905.0
1730.0
1652.0
1615.0
1426.0
1361.0
1871.0
1168.0
1378.0
1289.0
1423.0
1415.0
1425.0
1141.0
1255.0
109.440429688
110.844726562
110.740234375
-1
-1
-1
-1
-1
-1
-1
-1
[new]
1536.0
1573.0
1873.0
1823.0
1823.0
1487.0
1554.0
1680.0
1421.0
1559.0
1889.0
1574.0
1630.0
1484.0
1449.0
1358.0
1270.0
1502.0
1416.0
1146.0
1027.0
1016.0
1017.0
1221.0
1484.0
1414.0
1422.0
1385.0
1693.0
1546.0
1523.0
1610.0
1420.0
1524.0
1613.0
1473.0
1157.0
1048.0
1199.0
1247.0
1394.0
1464.0
1556.0
1524.0
1772.0
1432.0
1615.0
1775.0
1975.0
1791.0
1629.0
1931.0
1712.0
1695.0
1428.0
1358.0
1575.0
1387.0
1334.0
1467.0
1478.0
1367.0
1019.0
1046.0
116.171875
117.088867188
116.1171875
-1
-1
-1
-1
113
214
368
415
[new]
1537.0
1553.0
1737.0
1655.0
1595.0
1587.0
1632.0
1544.0
1469.0
1525.0
1264.0
1328.0
1520.0
1337.0
1234.0
1548.0
1200.0
1220.0
1549.0
1539.0
1548.0
1380.0
1214.0
1138.0
1375.0
1235.0
1352.0
1111.0
1193.0
1096.0
759.0
983.0
1442.0
1142.0
733.0
1242.0
1045.0
1061.0
1241.0
1589.0
1585.0
1629.0
1685.0
1572.0
1852.0
1752.0
1785.0
1567.0
1362.0
1186.0
1472.0
1692.0
1416.0
1263.0
1134.0
1408.0
1121.0
1522.0
1073.0
1459.0
1237.0
1064.0
1296.0
1330.0
114.791015625
117.497070312
117.977539062
-1
-1
-1
-1
-1
-1
-1
-1
[new]
1604.0
1739.0
1869.0
1885.0
1977.0
1759.0
1889.0
1566.0
1489.0
1877.0
1838.0
1745.0
1746.0
1696.0
1591.0
1445.0
1192.0
1413.0
1366.0
1346.0
1279.0
1061.0
1187.0
1226.0
1185.0
1261.0
1373.0
1390.0
1617.0
1486.0
1452.0
1411.0
1554.0
1499.0
1584.0
1485.0
1487.0
1119.0
1294.0
1325.0
1527.0
1436.0
1507.0
1736.0
1758.0
1750.0
1692.0
1585.0
1870.0
2053.0
1941.0
1703.0
1649.0
1586.0
1495.0
1563.0
1429.0
1175.0
1398.0
1662.0
1483.0
1316.0
1012.0
1287.0
111.94921875
111.6953125
112.251953125
-1
-1
-1
-1
-1
-1
-1
-1
[new]
1495.0
1630.0
1551.0
1716.0
1572.0
1544.0
1842.0
1596.0
1772.0
1497.0
1855.0
1889.0
1657.0
1502.0
1499.0
1550.0
1357.0
1474.0
1347.0
1780.0
1599.0
1278.0
1357.0
1332.0
1256.0
1295.0
1281.0
1279.0
1395.0
1387.0
1447.0
1477.0
1342.0
1438.0
995.0
1310.0
905.0
1013.0
1196.0
1489.0
1589.0
1655.0
1580.0
1900.0
1876.0
2090.0
2092.0
1752.0
1739.0
1907.0
1892.0
1733.0
1810.0
1698.0
1324.0
879.0
1945.0
1587.0
1317.0
1511.0
1392.0
1010.0
1227.0
1315.0
120.2890625
120.8671875
121.211914062
-1
-1
-1
-1
-1
-1
-1
-1
[new]
1550.0
1566.0
1582.0
1699.0
1411.0
1435.0
1551.0
1374.0
1711.0
1476.0
1303.0
1367.0
1450.0
1376.0
1274.0
1499.0
1180.0
1373.0
1439.0
1462.0
1437.0
1423.0
1362.0
1192.0
1380.0
1305.0
1334.0
1278.0
1451.0
1196.0
1050.0
1039.0
1490.0
1425.0
850.0
1249.0
881.0
1026.0
1112.0
1517.0
1484.0
1631.0
1585.0
1608.0
1805.0
1582.0
1639.0
1369.0
1316.0
1368.0
1779.0
1494.0
1618.0
1486.0
1410.0
1167.0
1766.0
1615.0
1047.0
1369.0
1451.0
1083.0
1117.0
1186.0
120.7890625
122.36328125
123.307617188
-1
-1
-1
-1
-1
-1
-1
-1
[new]
1607.0
1671.0
1890.0
1832.0
1920.0
1930.0
1622.0
1709.0
1322.0
1599.0
1333.0
1594.0
1626.0
1535.0
1342.0
1451.0
1309.0
1416.0
1508.0
1224.0
1351.0
1195.0
1176.0
1191.0
1209.0
1184.0
1435.0
1396.0
1658.0
1549.0
1318.0
1361.0
1543.0
1554.0
1766.0
1523.0
1269.0
1057.0
1321.0
1506.0
1643.0
1580.0
1695.0
1753.0
1690.0
1836.0
1645.0
1577.0
1228.0
1683.0
1878.0
1585.0
1560.0
1458.0
1523.0
1628.0
1355.0
1218.0
1216.0
1330.0
1398.0
1276.0
1015.0
1154.0
111.818359375
113.19140625
113.021484375
-1
-1
-1
-1
-1
-1
-1
-1
[new]
1524.0
1961.0
1868.0
1813.0
1889.0
1891.0
1786.0
1736.0
1502.0
1585.0
1522.0
1717.0
1582.0
1668.0
1387.0
1275.0
1545.0
1434.0
1481.0
1181.0
1255.0
1427.0
1285.0
1429.0
1257.0
1362.0
1290.0
1491.0
1550.0
1423.0
1314.0
1358.0
1466.0
1559.0
1424.0
1385.0
1547.0
1248.0
1233.0
1487.0
1443.0
1473.0
1671.0
1853.0
1651.0
1674.0
1730.0
1696.0
1533.0
1697.0
1767.0
1566.0
1669.0
1247.0
1481.0
1959.0
1392.0
1379.0
1279.0
1572.0
1670.0
1712.0
1166.0
1159.0
113.548828125
113.4609375
113.119140625
-1
-1
-1
-1
-1
-1
-1
-1
[new]
1671.0
1554.0
1869.0
1820.0
1986.0
1757.0
1899.0
1549.0
1504.0
1625.0
1785.0
1737.0
1948.0
1822.0
1648.0
1424.0
1100.0
1436.0
1460.0
1299.0
1178.0
1021.0
1095.0
993.0
1122.0
1259.0
1447.0
1272.0
1467.0
1494.0
1357.0
1387.0
1445.0
1586.0
1753.0
1552.0
1206.0
986.0
1211.0
1214.0
1391.0
1433.0
1535.0
1705.0
1754.0
1748.0
1676.0
1582.0
1889.0
2068.0
1698.0
1714.0
1661.0
1661.0
1455.0
1723.0
1457.0
1185.0
1258.0
1535.0
1514.0
1257.0
969.0
1164.0
110.510742188
112.465820312
113.603515625
-1
-1
-1
-1
-1
-1
-1
-1
[new]
1670.0
1699.0
1637.0
1597.0
1811.0
1631.0
1841.0
1780.0
1564.0
1681.0
1749.0
1647.0
1713.0
1720.0
1417.0
1474.0
1315.0
1320.0
1296.0
1196.0
1250.0
1336.0
1217.0
1276.0
1103.0
1221.0
1485.0
1410.0
1385.0
1442.0
1432.0
1576.0
1547.0
1685.0
1270.0
1361.0
1107.0
1051.0
1210.0
1416.0
1613.0
1785.0
1631.0
1700.0
1848.0
1853.0
1691.0
1728.0
1591.0
1942.0
1656.0
1629.0
1562.0
1390.0
1270.0
1369.0
1287.0
1247.0
1270.0
1453.0
1561.0
1707.0
1280.0
1181.0
103.104492188
104.759765625
103.951171875
-1
-1
-1
-1
-1
-1
-1
-1
[new]
1256.0
1291.0
1419.0
1573.0
1353.0
1235.0
1404.0
1310.0
1565.0
1558.0
1658.0
1685.0
1471.0
1432.0
1639.0
1584.0
996.0
1589.0
1537.0
1420.0
1330.0
1088.0
1215.0
1172.0
1418.0
1516.0
1467.0
1498.0
1289.0
1354.0
1284.0
1497.0
1608.0
1416.0
1020.0
1218.0
982.0
1034.0
1278.0
1671.0
1806.0
1819.0
1695.0
1764.0
1412.0
1149.0
1184.0
1527.0
1542.0
1470.0
1043.0
1637.0
1750.0
1535.0
1493.0
1267.0
1689.0
1545.0
1040.0
1410.0
1545.0
1189.0
1157.0
1208.0
114.211914062
117.056640625
118.384765625
-1
-1
-1
-1
-1
-1
-1
-1
[new]
1729.0
1620.0
1827.0
1847.0
1964.0
1734.0
1921.0
1668.0
1573.0
1662.0
1649.0
1675.0
2021.0
1971.0
1693.0
1758.0
1347.0
1528.0
1458.0
1478.0
1607.0
1318.0
1195.0
1191.0
1175.0
1356.0
1403.0
1285.0
1344.0
1410.0
1437.0
1436.0
1581.0
1619.0
1793.0
1564.0
1185.0
1048.0
1142.0
1409.0
1586.0
1589.0
1609.0
1661.0
1776.0
1856.0
1642.0
1708.0
1914.0
1836.0
1807.0
1885.0
1686.0
1837.0
1468.0
1466.0
1423.0
1658.0
1616.0
1469.0
1369.0
1168.0
1429.0
1481.0
121.240234375
123.200195312
123.624023438
-1
-1
-1
-1
-1
-1
-1
-1
[new]
1217.0
1376.0
1423.0
1505.0
1426.0
1329.0
1162.0
1159.0
1063.0
1021.0
1052.0
1004.0
992.0
1154.0
1175.0
1204.0
1228.0
1133.0
1128.0
884.0
808.0
842.0
780.0
738.0
797.0
987.0
1010.0
996.0
966.0
910.0
887.0
854.0
1150.0
1171.0
1223.0
1226.0
1383.0
1276.0
1059.0
722.0
862.0
864.0
1008.0
1017.0
1004.0
1107.0
1120.0
1018.0
1112.0
996.0
986.0
1027.0
1057.0
1448.0
1321.0
1278.0
1269.0
1312.0
1001.0
842.0
802.0
827.0
887.0
835.0
47.7568359375
46.7255859375
44.521484375
-1
-1
-1
-1
-1
-1
-1
-1
[new]
1678.0
1599.0
1893.0
1751.0
1992.0
1763.0
1834.0
1610.0
1462.0
1874.0
1856.0
1745.0
1792.0
1736.0
1620.0
1416.0
1154.0
1434.0
1416.0
1175.0
1300.0
1000.0
1119.0
1014.0
1091.0
1195.0
1433.0
1380.0
1488.0
1526.0
1403.0
1474.0
1444.0
1607.0
1797.0
1500.0
1298.0
1072.0
1100.0
1281.0
1598.0
1448.0
1598.0
1703.0
1757.0
1743.0
1427.0
1577.0
1894.0
2042.0
1825.0
1730.0
1680.0
1690.0
1451.0
1734.0
1457.0
1178.0
1089.0
1536.0
1471.0
1277.0
1068.0
1151.0
111.908203125
112.768554688
114.13671875
-1
-1
-1
-1
-1
-1
-1
-1
[new]
1575.0
1667.0
1957.0
1900.0
1918.0
1768.0
1916.0
1658.0
1514.0
1655.0
1785.0
1807.0
1839.0
1794.0
1572.0
1459.0
1039.0
1351.0
1434.0
1181.0
1287.0
996.0
1111.0
1170.0
1077.0
1348.0
1336.0
1382.0
1432.0
1413.0
1337.0
1475.0
1350.0
1607.0
1784.0
1515.0
1315.0
1043.0
1188.0
1220.0
1438.0
1461.0
1519.0
1746.0
1761.0
1735.0
1482.0
1513.0
1892.0
2049.0
1770.0
1726.0
1662.0
1581.0
1535.0
1645.0
1452.0
1191.0
1266.0
1606.0
1536.0
1322.0
1067.0
1176.0
111.92578125
112.309570312
114.078125
-1
-1
-1
-1
-1
-1
-1
-1
[new]
1679.0
1606.0
1898.0
1817.0
1983.0
1771.0
1742.0
1507.0
1310.0
1497.0
1444.0
1475.0
1738.0
1843.0
1492.0
1426.0
1488.0
1360.0
1449.0
1182.0
1449.0
1295.0
1079.0
1266.0
1262.0
1252.0
1238.0
1456.0
1352.0
1393.0
1404.0
1442.0
1501.0
1577.0
1708.0
1525.0
1130.0
1109.0
1177.0
1392.0
1537.0
1565.0
1611.0
1777.0
1800.0
1859.0
1910.0
1506.0
1564.0
1643.0
1686.0
1546.0
1554.0
1288.0
1600.0
1170.0
1728.0
1468.0
881.0
1113.0
1862.0
1415.0
1146.0
1247.0
113.508789062
115.067382812
115.104492188
-1
-1
-1
-1
-1
-1
-1
-1
[new]
1594.0
1479.0
1874.0
1747.0
1930.0
1854.0
1915.0
1574.0
1499.0
1789.0
1807.0
1681.0
1857.0
1656.0
1693.0
1419.0
1193.0
1358.0
1346.0
1102.0
1242.0
1041.0
1100.0
1121.0
1136.0
1180.0
1395.0
1293.0
1440.0
1398.0
1386.0
1462.0
1394.0
1615.0
1782.0
1505.0
1304.0
1094.0
1209.0
1239.0
1490.0
1461.0
1625.0
1657.0
1772.0
1730.0
1422.0
1521.0
1843.0
2058.0
1753.0
1721.0
1668.0
1566.0
1492.0
1511.0
1452.0
1207.0
1034.0
1495.0
1534.0
1190.0
1131.0
1086.0
111.98046875
112.754882812
114.108398438
-1
-1
-1
-1
-1
-1
-1
-1
[new]
1563.0
1512.0
1572.0
1759.0
1626.0
1584.0
1754.0
1738.0
1664.0
1298.0
1703.0
1920.0
1682.0
1577.0
1621.0
1673.0
1485.0
1162.0
1550.0
1605.0
1438.0
1339.0
1334.0
1157.0
1201.0
1353.0
1057.0
1245.0
1410.0
1426.0
1662.0
1491.0
1430.0
1434.0
827.0
1264.0
1039.0
1099.0
1105.0
1459.0
1565.0
1629.0
1596.0
1829.0
1768.0
2089.0
1716.0
1455.0
1691.0
1954.0
1928.0
1805.0
1765.0
1802.0
1509.0
953.0
1905.0
1696.0
1433.0
1555.0
1308.0
1107.0
1151.0
1295.0
122.913085938
123.706054688
125.245117188
-1
-1
-1
-1
-1
-1
-1
-1
[new]
1553.0
1493.0
1556.0
1757.0
1606.0
1475.0
1764.0
1503.0
1548.0
1295.0
1618.0
1877.0
1652.0
1573.0
1527.0
1578.0
1320.0
1364.0
1393.0
1598.0
1675.0
1440.0
1332.0
1079.0
1293.0
1231.0
1268.0
1173.0
1399.0
1507.0
1654.0
1476.0
1419.0
1350.0
850.0
1263.0
968.0
1087.0
1172.0
1379.0
1610.0
1704.0
1686.0
1683.0
1783.0
1862.0
1793.0
1608.0
1725.0
1787.0
1874.0
1650.0
1549.0
1646.0
1342.0
1318.0
1943.0
1734.0
1219.0
1575.0
1428.0
1077.0
1131.0
1362.0
120.952148438
121.232421875
122.708007812
-1
-1
-1
-1
-1
-1
-1
-1
[new]
1558.0
1817.0
1955.0
1837.0
1968.0
1826.0
1886.0
1659.0
1531.0
1786.0
1677.0
1830.0
1873.0
1820.0
1484.0
1368.0
1226.0
1459.0
1310.0
1305.0
1215.0
999.0
1208.0
1273.0
1157.0
1298.0
1373.0
1421.0
1436.0
1481.0
1232.0
1445.0
1424.0
1495.0
1745.0
1497.0
1418.0
1291.0
1202.0
1335.0
1418.0
1386.0
1522.0
1651.0
1754.0
1633.0
1608.0
1516.0
1813.0
2004.0
1677.0
1712.0
1609.0
1641.0
1604.0
1794.0
1337.0
1081.0
1335.0
1683.0
1565.0
1554.0
1180.0
1229.0
107.6640625
109.98828125
110.063476562
-1
-1
-1
-1
-1
-1
-1
-1
[new]
1694.0
1504.0
1873.0
1826.0
1989.0
1788.0
1994.0
1536.0
1506.0
1703.0
1723.0
1701.0
1788.0
1743.0
1526.0
1462.0
1174.0
1365.0
1348.0
1161.0
1233.0
1013.0
1139.0
1187.0
1058.0
1260.0
1414.0
1299.0
1436.0
1383.0
1324.0
1537.0
1459.0
1625.0
1780.0
1512.0
1383.0
1079.0
1141.0
1291.0
1376.0
1532.0
1521.0
1744.0
1756.0
1654.0
1528.0
1587.0
1881.0
1965.0
1647.0
1725.0
1663.0
1611.0
1372.0
1495.0
1466.0
1201.0
1109.0
1454.0
1455.0
1272.0
1150.0
1253.0
111.833007812
112.291015625
114.0625
-1
-1
-1
-1
-1
-1
-1
-1
[new]
1650.0
1974.0
1841.0
1723.0
1688.0
1742.0
1557.0
1428.0
1340.0
1529.0
1795.0
1632.0
1650.0
1838.0
1669.0
1532.0
1500.0
1634.0
1553.0
1432.0
1450.0
1407.0
1509.0
1306.0
1419.0
1474.0
1404.0
1308.0
1354.0
1214.0
1137.0
1355.0
1340.0
1437.0
1400.0
1224.0
1513.0
1343.0
1283.0
1269.0
1283.0
1448.0
1548.0
1509.0
1489.0
1521.0
1622.0
1694.0
1780.0
1890.0
1693.0
1556.0
1526.0
1594.0
1613.0
1579.0
1347.0
1435.0
1696.0
1612.0
1717.0
1834.0
1779.0
1470.0
101.28515625
99.8642578125
99.2568359375
-1
-1
-1
-1
-1
-1
-1
-1
[new]
1640.0
1529.0
1938.0
1764.0
1933.0
1674.0
1731.0
1669.0
1456.0
1531.0
1668.0
1519.0
1968.0
1504.0
1416.0
1232.0
1318.0
1567.0
1576.0
1570.0
1530.0
1173.0
1208.0
1282.0
1476.0
1423.0
1226.0
1512.0
1308.0
1129.0
1168.0
1384.0
1528.0
1561.0
1749.0
1480.0
1294.0
1224.0
1245.0
1480.0
1535.0
1416.0
1580.0
1693.0
1709.0
1851.0
1954.0
1809.0
1626.0
1911.0
1239.0
1262.0
1455.0
1152.0
1385.0
1713.0
1467.0
1458.0
1000.0
1440.0
1418.0
1534.0
1374.0
1480.0
109.297851562
111.475585938
113.685546875
-1
-1
-1
-1
-1
-1
-1
-1
[new]
1352.0
1306.0
1222.0
1235.0
1537.0
1457.0
1337.0
1320.0
1272.0
1299.0
1219.0
1120.0
1406.0
1339.0
1389.0
1189.0
1317.0
1170.0
1054.0
1057.0
939.0
981.0
948.0
815.0
891.0
929.0
710.0
751.0
677.0
637.0
562.0
583.0
1126.0
1154.0
1302.0
1433.0
1257.0
1245.0
1190.0
813.0
989.0
1127.0
1049.0
1168.0
1196.0
1389.0
1314.0
1113.0
1187.0
1113.0
1235.0
1273.0
920.0
1220.0
1042.0
1108.0
1172.0
1089.0
809.0
687.0
770.0
831.0
867.0
832.0
65.447265625
64.7138671875
57.416015625
-1
-1
-1
-1
-1
-1
-1
-1
[new]
1615.0
1956.0
1910.0
1784.0
1749.0
1846.0
1688.0
1480.0
1258.0
1443.0
1592.0
1477.0
1673.0
1699.0
1498.0
1553.0
1596.0
1559.0
1297.0
1524.0
1459.0
1154.0
1150.0
1208.0
1065.0
1425.0
1428.0
1285.0
1429.0
1131.0
1216.0
1396.0
1290.0
1326.0
1349.0
1227.0
1487.0
1340.0
1165.0
1180.0
1321.0
1402.0
1460.0
1477.0
1594.0
1623.0
1832.0
1521.0
1424.0
1651.0
1556.0
1581.0
1441.0
1478.0
1540.0
1869.0
1359.0
1266.0
1491.0
1632.0
1735.0
1864.0
1751.0
1311.0
98.7158203125
102.008789062
99.8095703125
-1
-1
-1
-1
-1
-1
-1
-1
[new]
1680.0
1499.0
1978.0
1813.0
1995.0
1684.0
1919.0
1548.0
1575.0
1680.0
1783.0
1737.0
1852.0
1833.0
1660.0
1468.0
1201.0
1340.0
1353.0
1116.0
1240.0
1002.0
1117.0
1091.0
1257.0
1268.0
1411.0
1480.0
1567.0
1451.0
1372.0
1516.0
1454.0
1610.0
1874.0
1530.0
1248.0
1003.0
1270.0
1226.0
1461.0
1480.0
1535.0
1648.0
1753.0
1738.0
1652.0
1497.0
1883.0
2055.0
1771.0
1750.0
1585.0
1663.0
1373.0
1788.0
1456.0
1206.0
1256.0
1536.0
1623.0
1342.0
1049.0
1171.0
112.037109375
112.91015625
114.346679688
-1
-1
-1
-1
-1
-1
-1
-1
[new]
1540.0
1984.0
1900.0
1872.0
1974.0
1852.0
1933.0
1652.0
1576.0
1764.0
1731.0
1800.0
1804.0
1606.0
1444.0
1242.0
1274.0
1447.0
1356.0
1240.0
1246.0
1408.0
1193.0
1296.0
1259.0
1320.0
1429.0
1328.0
1636.0
1606.0
1380.0
1409.0
1492.0
1439.0
1532.0
1399.0
1568.0
1193.0
994.0
1270.0
1498.0
1664.0
1698.0
1877.0
2008.0
1702.0
1655.0
1500.0
1778.0
2023.0
1912.0
1744.0
1596.0
1651.0
1589.0
1768.0
1275.0
1460.0
1479.0
1451.0
1429.0
1558.0
1100.0
1199.0
116.958007812
116.4296875
115.833984375
-1
-1
-1
-1
-1
-1
-1
-1
[new]
1348.0
1252.0
1582.0
1238.0
1250.0
1445.0
1739.0
1631.0
1652.0
1848.0
1840.0
1798.0
1508.0
1414.0
1537.0
1407.0
1286.0
1804.0
1499.0
1382.0
1482.0
1199.0
1318.0
1191.0
978.0
1269.0
1523.0
1337.0
1315.0
1202.0
1068.0
1155.0
1547.0
1611.0
1261.0
1499.0
952.0
1008.0
1406.0
1600.0
1766.0
1456.0
1485.0
1249.0
1314.0
1429.0
1562.0
1659.0
1426.0
1536.0
1610.0
1747.0
1720.0
1605.0
1175.0
1314.0
1679.0
1661.0
1117.0
1113.0
1448.0
1061.0
1214.0
1267.0
112.88671875
115.813476562
116.814453125
-1
-1
-1
-1
-1
-1
-1
-1
[new]
1636.0
1785.0
1658.0
1561.0
1858.0
1674.0
1723.0
1573.0
1533.0
1515.0
1614.0
1592.0
1416.0
1605.0
1462.0
1406.0
1210.0
1232.0
1196.0
1482.0
1337.0
1224.0
1230.0
1142.0
1143.0
1277.0
1123.0
1164.0
1106.0
1412.0
1258.0
1560.0
1269.0
933.0
871.0
1088.0
967.0
1049.0
1111.0
1484.0
1522.0
1661.0
1684.0
1676.0
1774.0
1745.0
1703.0
1547.0
1560.0
1220.0
1386.0
1326.0
1674.0
1738.0
1865.0
1698.0
1711.0
1617.0
1473.0
1404.0
1392.0
1302.0
1141.0
1116.0
124.178710938
125.35546875
124.66796875
-1
-1
-1
-1
-1
-1
-1
-1
[new]
1684.0
1663.0
1896.0
1831.0
1981.0
1781.0
1893.0
1595.0
1451.0
1895.0
1702.0
1754.0
1805.0
1759.0
1527.0
1472.0
1331.0
1318.0
1278.0
1210.0
1268.0
1017.0
1160.0
1044.0
1251.0
1277.0
1438.0
1412.0
1512.0
1510.0
1346.0
1497.0
1445.0
1597.0
1749.0
1529.0
1241.0
1001.0
1214.0
1382.0
1543.0
1492.0
1551.0
1642.0
1762.0
1718.0
1682.0
1513.0
1893.0
2069.0
1731.0
1741.0
1677.0
1680.0
1512.0
1652.0
1440.0
1199.0
1187.0
1468.0
1544.0
1461.0
1071.0
1172.0
112.061523438
112.669921875
113.782226562
-1
-1
-1
-1
-1
-1
-1
-1
[new]
1600.0
1637.0
1878.0
1783.0
1782.0
1715.0
1638.0
1516.0
1599.0
1554.0
1925.0
1818.0
1726.0
1556.0
1449.0
1559.0
1570.0
1568.0
1454.0
1459.0
1297.0
1465.0
1470.0
1191.0
1268.0
1231.0
1079.0
1131.0
1036.0
1085.0
897.0
873.0
1624.0
1569.0
1593.0
1277.0
1101.0
1295.0
1583.0
1712.0
1416.0
1503.0
1503.0
1699.0
1787.0
1365.0
1744.0
1460.0
1153.0
1472.0
1781.0
1747.0
1607.0
1713.0
1399.0
1219.0
1277.0
1427.0
1341.0
1191.0
1902.0
1075.0
1091.0
1183.0
105.533203125
108.315429688
111.52734375
-1
-1
-1
-1
-1
-1
-1
-1
[new]
1708.0
1699.0
1886.0
1831.0
1978.0
1809.0
1815.0
1535.0
1376.0
1494.0
1492.0
1726.0
1833.0
1648.0
1558.0
1549.0
1188.0
1285.0
1701.0
1232.0
1364.0
1036.0
1108.0
1117.0
1069.0
1287.0
1379.0
1364.0
1537.0
1570.0
1287.0
1278.0
1409.0
1699.0
1816.0
1518.0
1256.0
1079.0
1260.0
1433.0
1676.0
1664.0
1628.0
1787.0
1828.0
1888.0
1577.0
1684.0
1532.0
1798.0
1671.0
1676.0
1493.0
1370.0
1377.0
1621.0
1415.0
1322.0
1023.0
1377.0
1332.0
1092.0
1089.0
1349.0
110.005859375
111.079101562
110.529296875
-1
-1
-1
-1
-1
-1
-1
-1
[new]
1673.0
1722.0
1889.0
1828.0
2008.0
1711.0
1885.0
1631.0
1505.0
1704.0
1735.0
1844.0
1785.0
1689.0
1566.0
1441.0
1053.0
1500.0
1497.0
1268.0
1228.0
1112.0
1129.0
1041.0
1082.0
1297.0
1299.0
1359.0
1360.0
1644.0
1479.0
1377.0
1429.0
1526.0
1620.0
1481.0
1216.0
1076.0
1187.0
1375.0
1392.0
1443.0
1557.0
1809.0
1798.0
1685.0
1479.0
1541.0
1889.0
2083.0
1898.0
1748.0
1665.0
1735.0
1396.0
1573.0
1473.0
1210.0
1208.0
1545.0
1468.0
1438.0
1062.0
1336.0
112.588867188
113.069335938
113.4453125
-1
-1
-1
-1
-1
-1
-1
-1
[new]
1629.0
1885.0
1899.0
1847.0
2028.0
1793.0
1823.0
1579.0
1643.0
1788.0
1639.0
1486.0
1626.0
1561.0
1451.0
1396.0
1230.0
1490.0
1371.0
1375.0
1350.0
1375.0
1217.0
1375.0
1434.0
1317.0
1308.0
1562.0
1585.0
1487.0
1562.0
1516.0
1448.0
1428.0
1514.0
1382.0
1546.0
1443.0
1236.0
1681.0
1889.0
1580.0
1696.0
1784.0
1399.0
1806.0
1630.0
1806.0
1780.0
1702.0
1953.0
1829.0
1807.0
1664.0
1470.0
1597.0
1446.0
1132.0
1324.0
1571.0
1506.0
1388.0
998.0
1192.0
119.940429688
121.438476562
121.305664062
-1
-1
-1
-1
-1
-1
-1
-1
[new]
1553.0
1967.0
1945.0
1730.0
1905.0
1888.0
1933.0
1950.0
1690.0
1510.0
1777.0
1846.0
1776.0
1732.0
1395.0
1396.0
1499.0
1476.0
1413.0
1584.0
1544.0
1338.0
1317.0
1411.0
1320.0
1324.0
1406.0
1260.0
1417.0
1253.0
1341.0
1325.0
1384.0
1572.0
1709.0
1537.0
1760.0
1826.0
1951.0
1227.0
1389.0
1522.0
1480.0
1552.0
1615.0
1712.0
1597.0
1355.0
1588.0
1720.0
1383.0
1524.0
1433.0
1647.0
1307.0
1686.0
1051.0
1178.0
1943.0
1707.0
1752.0
1940.0
1884.0
1290.0
114.609375
114.748046875
115.46875
-1
-1
-1
-1
-1
-1
-1
-1
[new]
1404.0
1680.0
1717.0
1889.0
1751.0
1798.0
1442.0
1542.0
1314.0
1726.0
1656.0
1522.0
1540.0
1789.0
1550.0
1433.0
1437.0
1411.0
1479.0
1110.0
1214.0
1349.0
1372.0
1311.0
1205.0
1428.0
1500.0
1455.0
1553.0
1488.0
1782.0
1553.0
1316.0
1490.0
1583.0
1335.0
1588.0
1236.0
1268.0
1313.0
1554.0
1616.0
1700.0
1548.0
1672.0
1550.0
1365.0
1609.0
1735.0
1649.0
1592.0
1876.0
1443.0
1677.0
1497.0
1726.0
1453.0
1482.0
1341.0
1593.0
1518.0
1671.0
1279.0
1125.0
86.986328125
92.0341796875
91.26953125
-1
-1
-1
-1
-1
-1
-1
-1
[new]
1649.0
1813.0
1969.0
1867.0
1741.0
1850.0
1512.0
1616.0
1251.0
1398.0
1387.0
1594.0
1446.0
1593.0
1431.0
1421.0
1424.0
1528.0
1546.0
1524.0
1414.0
1458.0
1299.0
1222.0
1186.0
1363.0
1361.0
1628.0
1486.0
1303.0
1302.0
1336.0
1178.0
1327.0
1417.0
1235.0
1459.0
1533.0
1265.0
1281.0
1390.0
1577.0
1595.0
1794.0
1690.0
1467.0
1722.0
1407.0
1568.0
1708.0
1484.0
1572.0
1407.0
1568.0
1319.0
1680.0
919.0
1321.0
1914.0
1569.0
1638.0
1788.0
1766.0
1360.0
101.963867188
103.891601562
100.484375
-1
-1
-1
-1
-1
-1
-1
-1
[new]
1586.0
1722.0
1949.0
1834.0
1837.0
1792.0
1903.0
1598.0
1608.0
1841.0
1722.0
1766.0
1787.0
1835.0
1550.0
1444.0
1011.0
1396.0
1309.0
1172.0
1311.0
1091.0
1122.0
1205.0
1260.0
1370.0
1291.0
1395.0
1546.0
1568.0
1425.0
1319.0
1491.0
1583.0
1627.0
1478.0
1266.0
1159.0
1168.0
1350.0
1536.0
1470.0
1449.0
1706.0
1772.0
1756.0
1561.0
1577.0
1819.0
2065.0
1791.0
1748.0
1646.0
1717.0
1493.0
1515.0
1460.0
1187.0
1197.0
1618.0
1544.0
1506.0
1060.0
1250.0
112.112304688
112.969726562
113.471679688
-1
-1
-1
-1
-1
-1
-1
-1
[new]
1462.0
1675.0
1709.0
1684.0
1581.0
1670.0
1507.0
1542.0
1487.0
1303.0
1314.0
1293.0
1331.0
798.0
895.0
1454.0
1310.0
1098.0
1319.0
1686.0
1417.0
1345.0
1205.0
1207.0
1360.0
1295.0
1325.0
1082.0
1207.0
1069.0
935.0
798.0
1242.0
1129.0
712.0
1012.0
970.0
1164.0
1120.0
1465.0
1317.0
1520.0
1485.0
1586.0
1764.0
1852.0
1672.0
1716.0
1309.0
1151.0
1334.0
1559.0
1460.0
1261.0
1049.0
1288.0
1534.0
1476.0
1226.0
1387.0
1047.0
969.0
1276.0
1311.0
116.971679688
118.913085938
119.721679688
-1
-1
-1
-1
-1
-1
-1
-1
[new]
1585.0
1818.0
1829.0
1781.0
1859.0
1911.0
1829.0
1483.0
1536.0
1497.0
1545.0
1717.0
1382.0
1705.0
1472.0
1354.0
1511.0
1311.0
1414.0
1369.0
1393.0
1485.0
1174.0
1434.0
1339.0
1379.0
1236.0
1234.0
1491.0
1518.0
1291.0
1351.0
1426.0
1442.0
1480.0
1332.0
1533.0
1355.0
1214.0
1448.0
1425.0
1431.0
1522.0
1878.0
1620.0
1636.0
1723.0
1747.0
1610.0
1398.0
1486.0
1588.0
1626.0
1228.0
1423.0
1758.0
1457.0
1336.0
1405.0
1745.0
1689.0
1721.0
1328.0
1223.0
112.83984375
112.65234375
112.541015625
-1
-1
-1
-1
-1
-1
-1
-1
[new]
1497.0
1365.0
1492.0
1468.0
1452.0
1689.0
1979.0
1452.0
1434.0
1445.0
1569.0
1452.0
1507.0
1536.0
1547.0
1288.0
1023.0
1006.0
1276.0
1220.0
1415.0
1515.0
1227.0
1276.0
1120.0
1096.0
1299.0
1439.0
1340.0
1520.0
1327.0
1367.0
1560.0
1722.0
1926.0
1454.0
1022.0
1069.0
906.0
1241.0
1299.0
1163.0
800.0
1107.0
1425.0
1384.0
1253.0
1600.0
1828.0
1839.0
1443.0
1729.0
1808.0
1676.0
1259.0
1177.0
1866.0
1727.0
1045.0
1369.0
1258.0
1118.0
1151.0
1414.0
142.563476562
144.735351562
143.717773438
-1
-1
-1
-1
-1
-1
-1
-1
[new]
1508.0
1424.0
1843.0
1685.0
1826.0
1717.0
1578.0
1582.0
1375.0
1523.0
1598.0
1622.0
1810.0
1611.0
1329.0
1553.0
1318.0
1433.0
1517.0
1471.0
1491.0
1166.0
1094.0
1307.0
1032.0
1204.0
1247.0
1321.0
945.0
1061.0
1260.0
1199.0
1492.0
1824.0
1600.0
1483.0
1117.0
1004.0
1041.0
1382.0
1524.0
1467.0
1512.0
1758.0
1802.0
1930.0
1622.0
1597.0
1201.0
1342.0
1256.0
1492.0
1346.0
1666.0
1612.0
1332.0
1365.0
1432.0
1036.0
1274.0
1567.0
1023.0
1249.0
1302.0
108.2734375
110.456054688
111.8125
-1
-1
-1
-1
-1
-1
-1
-1
[new]
1449.0
1764.0
1558.0
1747.0
1668.0
1592.0
1742.0
1432.0
1622.0
1402.0
1825.0
1781.0
1560.0
1540.0
1513.0
1497.0
1320.0
1243.0
1295.0
1565.0
1484.0
1377.0
1251.0
1065.0
1305.0
1360.0
1360.0
1328.0
1293.0
1557.0
1649.0
1514.0
1395.0
1426.0
892.0
1330.0
965.0
1046.0
1083.0
1350.0
1542.0
1774.0
1601.0
1833.0
1859.0
1963.0
1641.0
1510.0
1663.0
1772.0
1947.0
1623.0
1496.0
1686.0
1349.0
1160.0
1897.0
1708.0
1238.0
1638.0
1561.0
1086.0
1271.0
1353.0
121.140625
121.771484375
122.203125
-1
-1
-1
-1
-1
-1
-1
-1
[new]
1772.0
1585.0
1916.0
1734.0
1784.0
1768.0
1681.0
1560.0
1614.0
1397.0
1516.0
1571.0
1668.0
1489.0
1384.0
1462.0
1170.0
1360.0
1423.0
1413.0
1298.0
1164.0
1401.0
1266.0
1369.0
1396.0
1564.0
1363.0
1191.0
1238.0
1108.0
1217.0
1664.0
1721.0
1548.0
1484.0
1124.0
923.0
1141.0
1448.0
1435.0
1714.0
1654.0
1657.0
1773.0
1631.0
1733.0
1530.0
1605.0
1531.0
1655.0
1613.0
1526.0
1334.0
1386.0
1227.0
1813.0
1455.0
1117.0
1311.0
1534.0
1153.0
1099.0
1303.0
115.264648438
116.599609375
117.369140625
-1
-1
-1
-1
-1
-1
-1
-1
[new]
1564.0
1536.0
1569.0
1756.0
1553.0
1641.0
1738.0
1566.0
1619.0
1611.0
1521.0
1547.0
1597.0
1309.0
1300.0
1701.0
1322.0
1371.0
1497.0
1530.0
1356.0
1508.0
1283.0
1050.0
1384.0
1420.0
1355.0
1104.0
1270.0
1335.0
1244.0
1169.0
1476.0
1280.0
867.0
1169.0
1002.0
1034.0
1202.0
1523.0
1552.0
1649.0
1531.0
1504.0
1932.0
1845.0
1682.0
1808.0
1734.0
1582.0
1561.0
1741.0
1488.0
1300.0
1318.0
1543.0
1557.0
1699.0
1202.0
1611.0
1356.0
1055.0
1180.0
1343.0
116.997070312
119.880859375
119.358398438
-1
-1
-1
-1
-1
-1
-1
-1
[new]
1527.0
1613.0
1801.0
1785.0
1832.0
1708.0
1685.0
1539.0
1440.0
1530.0
1532.0
1593.0
1587.0
1280.0
1326.0
1549.0
1137.0
1236.0
1342.0
1628.0
1453.0
1329.0
1288.0
1376.0
1390.0
1287.0
1300.0
1326.0
1243.0
1133.0
1063.0
1284.0
1396.0
1434.0
930.0
1260.0
944.0
1150.0
1195.0
1455.0
1581.0
1495.0
1426.0
1542.0
1607.0
1813.0
1665.0
1715.0
2037.0
1935.0
1475.0
1022.0
1372.0
1406.0
1093.0
1257.0
1210.0
1458.0
1619.0
1583.0
1447.0
1707.0
1530.0
1383.0
122.643554688
124.407226562
125.875
-1
-1
-1
-1
-1
-1
-1
-1
[new]
1699.0
1603.0
1775.0
1598.0
2045.0
1690.0
1716.0
1661.0
1557.0
1740.0
1744.0
1698.0
1791.0
1565.0
1610.0
1545.0
1228.0
1480.0
1308.0
1397.0
1382.0
1192.0
1284.0
1276.0
1276.0
1141.0
1221.0
1190.0
1222.0
1383.0
1049.0
1255.0
1582.0
1824.0
1477.0
1489.0
984.0
915.0
1125.0
1400.0
1434.0
1674.0
1646.0
1632.0
1673.0
1789.0
1597.0
1565.0
1948.0
1979.0
1605.0
1284.0
1524.0
1309.0
1433.0
1464.0
1587.0
1503.0
1317.0
1366.0
1573.0
1195.0
1175.0
1253.0
117.7734375
119.42578125
120.893554688
-1
-1
-1
-1
-1
-1
-1
-1
[new]
1606.0
1542.0
1616.0
1697.0
1550.0
1451.0
1637.0
1564.0
1635.0
1597.0
1096.0
1446.0
1420.0
1413.0
1225.0
1445.0
1206.0
1304.0
1404.0
1573.0
1530.0
1473.0
1434.0
1246.0
1413.0
1277.0
1272.0
1237.0
1399.0
1236.0
1214.0
1097.0
1303.0
1070.0
645.0
1165.0
962.0
1065.0
1293.0
1582.0
1655.0
1625.0
1517.0
1626.0
1629.0
1883.0
1687.0
1406.0
1351.0
1681.0
1693.0
1528.0
1734.0
1643.0
1382.0
1074.0
1941.0
1631.0
1080.0
1353.0
1348.0
1134.0
1152.0
1417.0
120.594726562
122.616210938
123.866210938
-1
-1
-1
-1
-1
-1
-1
-1
[new]
1515.0
1903.0
1902.0
1769.0
1954.0
1906.0
1592.0
1602.0
1354.0
1746.0
1849.0
1577.0
1835.0
1820.0
1490.0
1486.0
1373.0
1573.0
1619.0
1219.0
1310.0
1270.0
1258.0
1361.0
1262.0
1486.0
1482.0
1302.0
1409.0
1385.0
1411.0
1424.0
1364.0
1473.0
1481.0
1449.0
1389.0
1194.0
1182.0
1301.0
1441.0
1404.0
1574.0
1986.0
1596.0
1676.0
1866.0
1816.0
2077.0
1860.0
1548.0
1927.0
1903.0
1820.0
1628.0
1758.0
1624.0
1356.0
1030.0
1406.0
1436.0
1480.0
1196.0
1203.0
114.487304688
114.952148438
113.858398438
-1
-1
-1
-1
-1
-1
-1
-1
[new]
1680.0
1563.0
1720.0
1701.0
1850.0
1550.0
1649.0
1651.0
1558.0
1523.0
1561.0
1358.0
1582.0
1521.0
1333.0
1647.0
1246.0
1563.0
1447.0
1403.0
1305.0
1194.0
1330.0
1409.0
1435.0
1387.0
1493.0
1365.0
1273.0
1263.0
1073.0
1490.0
1493.0
1665.0
1575.0
1436.0
1085.0
998.0
1047.0
1449.0
1427.0
1718.0
1571.0
1764.0
1849.0
1627.0
1632.0
1536.0
1538.0
1820.0
1693.0
1673.0
1808.0
1603.0
1481.0
1125.0
1671.0
1627.0
1102.0
1167.0
1489.0
1150.0
1116.0
1188.0
117.708007812
119.013671875
119.336914062
-1
-1
-1
-1
-1
-1
-1
-1
[new]
1681.0
1627.0
1949.0
1738.0
1887.0
1840.0
1889.0
1523.0
1414.0
1752.0
1802.0
1755.0
1774.0
1729.0
1621.0
1434.0
1169.0
1461.0
1348.0
1186.0
1239.0
1030.0
1112.0
1083.0
1099.0
1211.0
1420.0
1389.0
1551.0
1432.0
1336.0
1456.0
1280.0
1608.0
1764.0
1531.0
1280.0
1141.0
1187.0
1211.0
1433.0
1499.0
1630.0
1656.0
1765.0
1718.0
1580.0
1488.0
1890.0
2123.0
1827.0
1729.0
1658.0
1579.0
1451.0
1545.0
1458.0
1193.0
1268.0
1435.0
1443.0
1341.0
1050.0
1176.0
111.915039062
112.833984375
113.69921875
-1
-1
-1
-1
-1
-1
-1
-1
[new]
1636.0
1792.0
1713.0
1739.0
1638.0
1772.0
1620.0
1539.0
1460.0
1431.0
1645.0
1608.0
1784.0
1618.0
1460.0
1620.0
1179.0
1363.0
1316.0
1380.0
1283.0
1188.0
1246.0
1153.0
1363.0
1419.0
1534.0
1383.0
1446.0
1418.0
1295.0
1444.0
1550.0
1766.0
1697.0
1428.0
1157.0
870.0
1085.0
1459.0
1480.0
1627.0
1764.0
1399.0
1873.0
1863.0
1663.0
1558.0
1475.0
1432.0
1524.0
1677.0
1603.0
1558.0
1466.0
1494.0
1820.0
1369.0
1056.0
1519.0
1684.0
1164.0
1207.0
1198.0
117.897460938
118.96875
120.516601562
-1
-1
-1
-1
-1
-1
-1
-1
[new]
1626.0
1615.0
1811.0
1931.0
1931.0
1800.0
1915.0
1599.0
1423.0
1776.0
1816.0
1838.0
1876.0
1742.0
1669.0
1426.0
1203.0
1325.0
1333.0
1353.0
1268.0
1107.0
1149.0
953.0
1083.0
1286.0
1385.0
1316.0
1381.0
1596.0
1325.0
1501.0
1317.0
1634.0
1785.0
1533.0
1339.0
1105.0
1259.0
1317.0
1397.0
1370.0
1652.0
1638.0
1776.0
1825.0
1455.0
1580.0
1899.0
2147.0
1711.0
1706.0
1660.0
1734.0
1489.0
1661.0
1468.0
1213.0
1121.0
1541.0
1493.0
1291.0
1077.0
1165.0
112.5390625
113.778320312
115.62890625
-1
-1
-1
-1
-1
-1
-1
-1
[new]
1615.0
1805.0
1916.0
1895.0
2036.0
1956.0
2007.0
1935.0
1780.0
1743.0
1913.0
1952.0
1979.0
1678.0
1490.0
1429.0
1491.0
1438.0
1443.0
1396.0
1427.0
1156.0
1360.0
1509.0
1510.0
1452.0
1535.0
1528.0
1600.0
1410.0
1386.0
1494.0
1893.0
1824.0
2177.0
2181.0
1449.0
1334.0
1436.0
1394.0
1633.0
1555.0
1677.0
1674.0
1765.0
1764.0
1725.0
1622.0
1785.0
2078.0
1669.0
1701.0
1570.0
1628.0
1664.0
1844.0
1308.0
1061.0
1494.0
1700.0
1545.0
1501.0
1286.0
1327.0
122.776367188
122.578125
122.91015625
-1
-1
-1
-1
-1
-1
-1
-1
[new]
1170.0
1216.0
1393.0
1485.0
1469.0
1370.0
1244.0
1152.0
1203.0
1210.0
1141.0
1141.0
1088.0
1159.0
1303.0
1206.0
1285.0
1096.0
1159.0
808.0
764.0
853.0
1066.0
1015.0
838.0
891.0
938.0
1152.0
1050.0
994.0
831.0
783.0
1119.0
1137.0
1209.0
1281.0
1377.0
1279.0
1072.0
716.0
729.0
865.0
963.0
1131.0
1275.0
1555.0
1512.0
1416.0
1466.0
1316.0
1415.0
1331.0
1225.0
1010.0
1024.0
1163.0
1115.0
1067.0
804.0
670.0
761.0
814.0
857.0
799.0
47.349609375
50.9248046875
48.34375
-1
-1
-1
-1
-1
-1
-1
-1
[new]
1578.0
1909.0
1926.0
1809.0
1909.0
1932.0
1752.0
1545.0
1604.0
1803.0
1605.0
1726.0
1524.0
1700.0
1412.0
1348.0
1340.0
1586.0
1519.0
1177.0
1234.0
1315.0
1138.0
1265.0
1188.0
1218.0
1271.0
1320.0
1549.0
1500.0
1406.0
1526.0
1475.0
1539.0
1500.0
1440.0
1636.0
1271.0
1188.0
1438.0
1397.0
1374.0
1631.0
1475.0
1355.0
1317.0
1525.0
1823.0
1938.0
1893.0
1517.0
1700.0
1862.0
1760.0
1456.0
1676.0
1544.0
1447.0
1285.0
1687.0
1461.0
1684.0
1124.0
1216.0
116.161132812
115.499023438
115.485351562
-1
-1
-1
-1
-1
-1
-1
-1
[new]
1615.0
1789.0
1877.0
1817.0
1919.0
1865.0
1821.0
1605.0
1561.0
1687.0
1749.0
1687.0
1710.0
1453.0
1444.0
1242.0
1459.0
1505.0
1363.0
1287.0
1051.0
1232.0
1184.0
1363.0
1272.0
1196.0
1467.0
1621.0
1409.0
1375.0
1330.0
1112.0
1373.0
1481.0
1769.0
1518.0
1565.0
1129.0
1203.0
1349.0
1464.0
1360.0
1432.0
1776.0
1478.0
1775.0
1916.0
1605.0
1519.0
1651.0
1735.0
1885.0
1548.0
1597.0
1469.0
1411.0
1831.0
1213.0
1304.0
1439.0
1446.0
1363.0
1208.0
1255.0
116.581054688
119.85546875
120.086914062
-1
-1
-1
-1
-1
-1
-1
-1
[new]
1547.0
1632.0
1749.0
1599.0
1836.0
1558.0
1592.0
1349.0
1604.0
1577.0
1698.0
1713.0
1557.0
1508.0
1457.0
1480.0
1119.0
1293.0
1394.0
1587.0
1488.0
1150.0
1222.0
1321.0
1306.0
1269.0
1009.0
1161.0
1334.0
1514.0
1629.0
1503.0
1597.0
1433.0
1253.0
1348.0
1022.0
931.0
1174.0
1493.0
1421.0
1684.0
1671.0
1664.0
1840.0
1702.0
1313.0
1549.0
1546.0
1583.0
1805.0
1589.0
1569.0
1786.0
1471.0
1120.0
1901.0
1470.0
1383.0
1411.0
1400.0
1200.0
1172.0
1254.0
120.361328125
121.02734375
121.094726562
-1
-1
-1
-1
-1
-1
-1
-1
[new]
1539.0
1624.0
1618.0
1757.0
1549.0
1617.0
1799.0
1738.0
1675.0
1930.0
1566.0
1615.0
1772.0
1589.0
1721.0
1450.0
1310.0
1268.0
1412.0
1613.0
1489.0
1462.0
1617.0
1421.0
1284.0
1339.0
1325.0
1404.0
1433.0
1497.0
1372.0
1308.0
1257.0
1062.0
1041.0
1337.0
1298.0
1422.0
1646.0
1680.0
1725.0
1699.0
1754.0
1758.0
1765.0
1559.0
1510.0
2064.0
2043.0
2112.0
1582.0
1940.0
1793.0
1787.0
1457.0
928.0
1893.0
1717.0
956.0
1372.0
1330.0
1095.0
1202.0
1329.0
124.326171875
126.27734375
127.498046875
-1
-1
-1
-1
-1
-1
-1
-1
[new]
1691.0
1608.0
1816.0
1926.0
1922.0
1776.0
1914.0
1613.0
1483.0
1747.0
1776.0
1872.0
1900.0
1763.0
1679.0
1423.0
1171.0
1350.0
1326.0
1117.0
1221.0
1023.0
1125.0
1045.0
1043.0
1270.0
1475.0
1363.0
1558.0
1455.0
1404.0
1359.0
1456.0
1637.0
1777.0
1537.0
1211.0
1099.0
1199.0
1289.0
1595.0
1497.0
1458.0
1684.0
1749.0
1753.0
1592.0
1527.0
1914.0
2061.0
1620.0
1727.0
1589.0
1580.0
1608.0
1601.0
1465.0
1205.0
1195.0
1536.0
1458.0
1372.0
1040.0
1183.0
111.474609375
112.037109375
114.452148438
-1
-1
-1
-1
-1
-1
-1
-1
[new]
1445.0
1560.0
1601.0
1665.0
1574.0
1722.0
1744.0
1539.0
1667.0
1628.0
1246.0
1347.0
1296.0
1104.0
1249.0
1577.0
1223.0
1143.0
1620.0
1593.0
1515.0
1269.0
1339.0
1165.0
1197.0
1261.0
1402.0
1117.0
1320.0
973.0
892.0
1039.0
1433.0
1062.0
756.0
1333.0
1066.0
1095.0
1172.0
1505.0
1602.0
1534.0
1462.0
1489.0
1884.0
1884.0
1857.0
1589.0
1207.0
1141.0
1612.0
1663.0
1373.0
1310.0
1201.0
1267.0
1351.0
1388.0
1297.0
1382.0
1406.0
992.0
1291.0
1428.0
116.600585938
118.255859375
118.8828125
-1
-1
-1
-1
-1
-1
-1
-1
[new]
1687.0
1648.0
1966.0
1914.0
2008.0
1851.0
1731.0
1507.0
1426.0
1727.0
1568.0
1520.0
1583.0
1672.0
1515.0
1266.0
1206.0
1602.0
1409.0
1334.0
1500.0
1192.0
1204.0
1056.0
1019.0
1218.0
1182.0
1423.0
1381.0
1364.0
1342.0
1277.0
1463.0
1562.0
1605.0
1537.0
1223.0
1149.0
1194.0
1450.0
1550.0
1441.0
1642.0
1698.0
1735.0
1760.0
1940.0
1394.0
1643.0
1806.0
1774.0
1552.0
1250.0
1399.0
1732.0
1407.0
1634.0
1261.0
1278.0
949.0
1751.0
1308.0
1095.0
1116.0
113.069335938
116.393554688
115.376953125
-1
-1
-1
-1
-1
-1
-1
-1
[new]
1302.0
1278.0
1383.0
1543.0
1434.0
1394.0
1302.0
1346.0
1194.0
1199.0
1235.0
1172.0
1135.0
1234.0
1247.0
1225.0
1290.0
1073.0
1216.0
985.0
782.0
767.0
699.0
705.0
633.0
696.0
839.0
941.0
935.0
932.0
870.0
767.0
1125.0
1145.0
1197.0
1236.0
1361.0
1359.0
1108.0
690.0
863.0
946.0
944.0
1045.0
1058.0
1162.0
1267.0
1222.0
1356.0
1192.0
1095.0
1336.0
1067.0
1096.0
1101.0
1391.0
1246.0
1139.0
949.0
783.0
728.0
841.0
874.0
831.0
47.498046875
50.5322265625
45.546875
-1
-1
-1
-1
-1
-1
-1
-1
[new]
1664.0
1594.0
1592.0
1764.0
1478.0
1445.0
1612.0
1469.0
1699.0
1338.0
1160.0
1579.0
1439.0
1473.0
1238.0
1454.0
1291.0
1330.0
1362.0
1527.0
1577.0
1453.0
1435.0
1238.0
1464.0
1407.0
1374.0
1182.0
1385.0
1196.0
1221.0
1149.0
1393.0
1148.0
820.0
1059.0
903.0
1080.0
1306.0
1584.0
1493.0
1711.0
1666.0
1597.0
1702.0
2007.0
1754.0
1372.0
1333.0
1602.0
1762.0
1529.0
1567.0
1707.0
1387.0
1119.0
1942.0
1691.0
1094.0
1333.0
1447.0
1143.0
1091.0
1247.0
120.80078125
123.399414062
122.899414062
-1
-1
-1
-1
-1
-1
-1
-1
[new]
1603.0
1699.0
1898.0
1828.0
1991.0
1849.0
1915.0
1558.0
1495.0
1759.0
1708.0
1783.0
1770.0
1758.0
1579.0
1452.0
1114.0
1393.0
1455.0
1280.0
1217.0
1084.0
1115.0
1114.0
1206.0
1292.0
1312.0
1364.0
1387.0
1365.0
1498.0
1458.0
1514.0
1444.0
1572.0
1490.0
1258.0
1158.0
1334.0
1425.0
1536.0
1431.0
1467.0
1795.0
1783.0
1679.0
1470.0
1551.0
1887.0
2082.0
1884.0
1739.0
1674.0
1643.0
1495.0
1410.0
1453.0
1202.0
1196.0
1456.0
1519.0
1533.0
1051.0
1168.0
112.174804688
113.041992188
113.787109375
-1
-1
-1
-1
-1
-1
-1
-1
[new]
1592.0
1919.0
1920.0
1794.0
1924.0
1879.0
1683.0
1500.0
1473.0
1603.0
1479.0
1510.0
1659.0
1605.0
1329.0
1421.0
1734.0
1638.0
1430.0
1251.0
1369.0
1247.0
1081.0
1111.0
995.0
1210.0
1350.0
1376.0
1286.0
1341.0
1275.0
1395.0
1399.0
1505.0
1624.0
1472.0
1543.0
1297.0
1228.0
1459.0
1495.0
1420.0
1572.0
1671.0
1719.0
1721.0
1849.0
1544.0
1561.0
1742.0
1694.0
1730.0
1372.0
1438.0
1661.0
1569.0
1546.0
1054.0
1283.0
912.0
1622.0
1494.0
1106.0
1077.0
108.64453125
111.3828125
110.486328125
-1
-1
-1
-1
-1
-1
-1
-1
[new]
1704.0
1745.0
1807.0
1845.0
2005.0
1706.0
1903.0
1612.0
1503.0
1706.0
1701.0
1853.0
1801.0
1688.0
1680.0
1413.0
1122.0
1442.0
1348.0
1120.0
1277.0
974.0
1061.0
1112.0
1089.0
1220.0
1430.0
1473.0
1538.0
1558.0
1340.0
1387.0
1448.0
1599.0
1785.0
1530.0
1380.0
1069.0
1146.0
1308.0
1431.0
1494.0
1549.0
1679.0
1748.0
1733.0
1634.0
1543.0
1822.0
2055.0
1846.0
1716.0
1686.0
1668.0
1456.0
1595.0
1468.0
1195.0
1188.0
1378.0
1480.0
1370.0
1080.0
1084.0
111.967773438
113.646484375
114.247070312
-1
-1
-1
-1
-1
-1
-1
-1
[new]
1703.0
1880.0
1899.0
1833.0
1929.0
1704.0
1891.0
1555.0
1506.0
1729.0
1704.0
1835.0
1784.0
1849.0
1652.0
1455.0
1144.0
1538.0
1408.0
1232.0
1240.0
1070.0
1113.0
1034.0
1087.0
1209.0
1355.0
1458.0
1467.0
1434.0
1483.0
1343.0
1428.0
1449.0
1566.0
1478.0
1320.0
1142.0
1225.0
1442.0
1473.0
1468.0
1606.0
1754.0
1776.0
1752.0
1635.0
1535.0
1871.0
2063.0
1848.0
1746.0
1668.0
1640.0
1369.0
1590.0
1474.0
1209.0
1368.0
1441.0
1455.0
1428.0
1123.0
1181.0
112.108398438
112.932617188
113.594726562
-1
-1
-1
-1
-1
-1
-1
-1
[new]
1538.0
1587.0
1563.0
1699.0
1436.0
1432.0
1615.0
1633.0
1705.0
1350.0
1257.0
1434.0
1550.0
1540.0
1325.0
1462.0
1278.0
1289.0
1508.0
1518.0
1399.0
1441.0
1370.0
1133.0
1411.0
1346.0
1216.0
1309.0
1264.0
1162.0
1179.0
1184.0
1465.0
1473.0
904.0
1249.0
974.0
1007.0
1274.0
1530.0
1628.0
1709.0
1681.0
1566.0
1768.0
1724.0
1567.0
1442.0
1388.0
1598.0
1722.0
1497.0
1524.0
1475.0
1279.0
1278.0
1707.0
1542.0
1062.0
1361.0
1356.0
963.0
1095.0
1325.0
119.90234375
122.497070312
122.579101562
-1
-1
-1
-1
-1
-1
-1
-1
[new]
1622.0
1644.0
1729.0
1845.0
1753.0
1722.0
1698.0
1608.0
1386.0
1561.0
1582.0
1537.0
1587.0
1589.0
1532.0
1299.0
1156.0
1463.0
1346.0
1352.0
1368.0
973.0
1143.0
1068.0
1042.0
1237.0
1415.0
1249.0
1344.0
1237.0
1634.0
1660.0
1568.0
1767.0
1860.0
1420.0
1042.0
968.0
1097.0
1333.0
1645.0
1525.0
1888.0
1465.0
1551.0
1279.0
1218.0
1207.0
1086.0
1267.0
1458.0
1627.0
1689.0
1778.0
1906.0
1984.0
1828.0
1890.0
1431.0
1268.0
1008.0
909.0
1240.0
1179.0
120.990234375
122.724609375
122.174804688
-1
-1
-1
-1
-1
-1
-1
-1
[new]
1702.0
1663.0
1802.0
1842.0
2070.0
1761.0
1905.0
1617.0
1495.0
1757.0
1688.0
1800.0
1771.0
1732.0
1670.0
1439.0
1318.0
1365.0
1443.0
1156.0
1306.0
1073.0
1112.0
1012.0
1233.0
1267.0
1451.0
1345.0
1528.0
1572.0
1303.0
1481.0
1466.0
1601.0
1771.0
1517.0
1406.0
1080.0
1266.0
1351.0
1442.0
1464.0
1453.0
1735.0
1777.0
1734.0
1677.0
1539.0
1896.0
2053.0
1708.0
1735.0
1652.0
1732.0
1440.0
1553.0
1459.0
1193.0
1269.0
1512.0
1537.0
1360.0
1135.0
1166.0
112.374023438
112.141601562
112.849609375
-1
-1
-1
-1
-1
-1
-1
-1
[new]
1569.0
1761.0
1890.0
1857.0
1821.0
1772.0
1877.0
1547.0
1393.0
1740.0
1463.0
1459.0
1702.0
1780.0
1634.0
1377.0
1121.0
1299.0
1409.0
1219.0
1311.0
1220.0
1069.0
1329.0
1140.0
1245.0
1407.0
1390.0
1165.0
1308.0
1273.0
1281.0
1491.0
1565.0
1719.0
1494.0
1228.0
1113.0
1163.0
1240.0
1534.0
1444.0
1570.0
1676.0
1821.0
1484.0
1511.0
1378.0
1656.0
2022.0
1741.0
1309.0
1598.0
1251.0
1514.0
1257.0
1302.0
1173.0
1563.0
1747.0
1496.0
1340.0
1192.0
1236.0
110.184570312
112.876953125
113.874023438
-1
-1
-1
-1
-1
-1
-1
-1
[new]
1314.0
1234.0
1417.0
1499.0
1367.0
1403.0
1236.0
1166.0
1243.0
1215.0
1165.0
1169.0
1060.0
1260.0
1282.0
1293.0
1320.0
1131.0
1178.0
885.0
746.0
875.0
824.0
915.0
802.0
750.0
1025.0
1121.0
1110.0
1021.0
880.0
833.0
1141.0
1155.0
1248.0
1301.0
1411.0
1323.0
1157.0
788.0
779.0
1015.0
830.0
1165.0
1165.0
1495.0
1519.0
1547.0
1348.0
1281.0
1183.0
1307.0
1215.0
1035.0
1067.0
1307.0
1273.0
990.0
763.0
646.0
733.0
829.0
874.0
849.0
52.5068359375
49.3173828125
42.849609375
-1
-1
-1
-1
-1
-1
-1
-1
[new]
1489.0
1712.0
1768.0
1803.0
1719.0
1551.0
1556.0
1508.0
1373.0
1507.0
1494.0
1464.0
1513.0
1661.0
1607.0
1636.0
1596.0
1595.0
1617.0
1362.0
1232.0
1477.0
1314.0
1288.0
1111.0
1443.0
1735.0
1533.0
1510.0
1367.0
1455.0
1604.0
1218.0
1237.0
1293.0
1149.0
1233.0
1339.0
1181.0
1203.0
1253.0
1713.0
1834.0
1570.0
1637.0
1700.0
1801.0
1436.0
1720.0
1684.0
1409.0
1429.0
1617.0
1583.0
1430.0
1505.0
1006.0
1271.0
1937.0
1573.0
1803.0
1949.0
2005.0
1882.0
94.9990234375
99.1865234375
97.171875
-1
-1
-1
-1
-1
-1
-1
-1
[new]
1501.0
1515.0
1868.0
1562.0
1679.0
1590.0
1608.0
1655.0
1361.0
1596.0
1640.0
1619.0
1786.0
1546.0
1401.0
1662.0
1228.0
1495.0
1478.0
1639.0
1380.0
1114.0
1350.0
1104.0
1308.0
1466.0
1322.0
1102.0
1001.0
957.0
1096.0
1229.0
1630.0
1374.0
1053.0
1324.0
1081.0
939.0
1147.0
1491.0
1474.0
1517.0
1590.0
1560.0
2003.0
1984.0
1540.0
1687.0
1675.0
1247.0
1196.0
1484.0
1412.0
1411.0
1627.0
1464.0
1429.0
1226.0
1273.0
1381.0
1597.0
1357.0
1350.0
1335.0
112.240234375
115.025390625
115.5703125
-1
-1
-1
-1
-1
-1
-1
-1
[new]
1528.0
1614.0
1609.0
1643.0
1733.0
1470.0
1682.0
1423.0
1547.0
1778.0
1754.0
1656.0
1437.0
1471.0
1701.0
1409.0
1281.0
1214.0
1178.0
1614.0
1616.0
1280.0
1239.0
1189.0
1171.0
1274.0
1098.0
1194.0
1250.0
1445.0
1567.0
1536.0
1289.0
1424.0
791.0
1246.0
929.0
1090.0
1077.0
1425.0
1536.0
1741.0
1667.0
1748.0
1623.0
1532.0
1660.0
1533.0
1624.0
1725.0
1912.0
1757.0
1524.0
1726.0
1366.0
1114.0
1857.0
1698.0
1032.0
1696.0
1422.0
1219.0
1278.0
1340.0
121.640625
121.702148438
122.9296875
-1
-1
-1
-1
-1
-1
-1
-1
[new]
1531.0
1855.0
1853.0
1826.0
1912.0
1795.0
1894.0
1591.0
1522.0
1751.0
1663.0
1769.0
1854.0
1671.0
1438.0
1099.0
1245.0
1085.0
1052.0
1072.0
1153.0
1057.0
1375.0
1365.0
1199.0
1255.0
1466.0
1261.0
1525.0
1410.0
1301.0
1276.0
1357.0
1354.0
1355.0
1271.0
1382.0
1174.0
1049.0
1305.0
1496.0
1613.0
1728.0
1708.0
1680.0
1641.0
1522.0
1550.0
1626.0
1826.0
1607.0
1452.0
1677.0
1574.0
1297.0
1841.0
1394.0
1095.0
1427.0
1663.0
1546.0
1604.0
1147.0
1160.0
109.752929688
110.319335938
109.66015625
-1
-1
-1
-1
-1
-1
-1
-1
[new]
1469.0
1577.0
1765.0
1687.0
1837.0
1748.0
1575.0
1472.0
1473.0
1507.0
1535.0
1488.0
1722.0
1755.0
1647.0
1557.0
1244.0
1347.0
1469.0
1357.0
1353.0
1298.0
1333.0
1277.0
1245.0
1397.0
1332.0
1042.0
915.0
919.0
1055.0
1272.0
1526.0
1749.0
1954.0
1578.0
1244.0
1026.0
1171.0
1398.0
1483.0
1422.0
1708.0
1658.0
1866.0
1882.0
1729.0
1482.0
1220.0
1263.0
1213.0
1578.0
1465.0
1618.0
1689.0
1308.0
1172.0
1467.0
1008.0
1237.0
1202.0
930.0
1248.0
1175.0
107.2734375
110.258789062
111.53515625
-1
-1
-1
-1
-1
-1
-1
-1
[new]
1396.0
1285.0
1277.0
1260.0
1251.0
1039.0
964.0
1170.0
1514.0
1422.0
1307.0
1576.0
1535.0
1685.0
1758.0
1678.0
1636.0
1689.0
1694.0
1571.0
1583.0
1595.0
1668.0
1704.0
1685.0
1742.0
1840.0
1892.0
1756.0
1731.0
1841.0
1741.0
1061.0
1159.0
1304.0
1296.0
1042.0
1294.0
1443.0
1430.0
1343.0
1245.0
1540.0
1633.0
1437.0
1484.0
1431.0
1563.0
1618.0
1732.0
1633.0
1631.0
1679.0
1634.0
1709.0
2052.0
2189.0
2135.0
1719.0
1568.0
1642.0
1635.0
1609.0
1595.0
66.1904296875
69.4951171875
72.0517578125
-1
-1
-1
-1
-1
-1
-1
-1
[new]
1631.0
1844.0
1873.0
1906.0
1869.0
1792.0
1780.0
1598.0
1363.0
1480.0
1518.0
1666.0
1546.0
1726.0
1502.0
1547.0
1468.0
1517.0
1536.0
1201.0
1276.0
1235.0
1124.0
1557.0
1342.0
1285.0
1330.0
1326.0
1503.0
1330.0
1317.0
1565.0
1462.0
1349.0
1437.0
1469.0
1557.0
1305.0
1211.0
1407.0
1434.0
1460.0
1581.0
1644.0
1711.0
1748.0
1772.0
1763.0
1599.0
1619.0
1445.0
1672.0
1522.0
1491.0
1589.0
1762.0
1337.0
1345.0
1312.0
1664.0
1653.0
1641.0
1314.0
1278.0
115.044921875
114.596679688
114.331054688
-1
-1
-1
-1
-1
-1
-1
-1
[new]
1520.0
1720.0
1536.0
1743.0
1507.0
1400.0
1715.0
1360.0
1661.0
1312.0
1239.0
1471.0
1529.0
1502.0
1197.0
1511.0
1278.0
1311.0
1380.0
1575.0
1488.0
1391.0
1344.0
1275.0
1336.0
1371.0
1344.0
1455.0
1361.0
1328.0
1148.0
1022.0
1384.0
1322.0
947.0
1221.0
962.0
1082.0
1223.0
1400.0
1444.0
1685.0
1601.0
1599.0
1775.0
1768.0
1611.0
1370.0
1465.0
1568.0
1666.0
1674.0
1630.0
1483.0
1431.0
1136.0
1788.0
1670.0
1046.0
1280.0
1499.0
1120.0
1138.0
1342.0
119.891601562
120.754882812
122.416015625
-1
-1
-1
-1
-1
-1
-1
-1
[new]
1666.0
1737.0
1937.0
1812.0
1969.0
1753.0
1904.0
1620.0
1488.0
1625.0
1700.0
1765.0
1861.0
1731.0
1601.0
1419.0
1171.0
1346.0
1399.0
1187.0
1224.0
985.0
1089.0
1244.0
989.0
1355.0
1528.0
1348.0
1489.0
1532.0
1324.0
1471.0
1337.0
1593.0
1780.0
1532.0
1285.0
1072.0
1170.0
1202.0
1460.0
1461.0
1528.0
1682.0
1757.0
1657.0
1572.0
1608.0
1878.0
2050.0
1853.0
1703.0
1582.0
1602.0
1524.0
1388.0
1455.0
1190.0
1337.0
1542.0
1520.0
1485.0
1135.0
1329.0
111.676757812
112.51953125
113.22265625
-1
-1
-1
-1
-1
-1
-1
-1
[new]
1687.0
1872.0
1716.0
1803.0
1894.0
1711.0
1922.0
1557.0
1359.0
1445.0
1642.0
1576.0
1714.0
1626.0
1365.0
1387.0
1357.0
1191.0
1151.0
1134.0
1352.0
1206.0
1588.0
1424.0
1437.0
1464.0
1379.0
1522.0
1527.0
1450.0
1339.0
1358.0
1263.0
1283.0
1420.0
1499.0
1043.0
1074.0
1433.0
1367.0
1428.0
1427.0
1435.0
1809.0
1785.0
1712.0
1789.0
1600.0
1770.0
2060.0
1499.0
1633.0
1574.0
1547.0
1559.0
1938.0
1235.0
1138.0
1559.0
1592.0
1671.0
1463.0
1229.0
1321.0
120.591796875
121.331054688
121.381835938
-1
-1
-1
-1
-1
-1
-1
-1
[new]
1549.0
1931.0
1880.0
1902.0
1956.0
1797.0
1904.0
1698.0
1608.0
1792.0
1886.0
1805.0
1799.0
1715.0
1414.0
1296.0
1281.0
1205.0
1167.0
1107.0
1164.0
1056.0
962.0
1381.0
1358.0
1629.0
1595.0
1518.0
1525.0
1554.0
1499.0
1246.0
1408.0
1463.0
1299.0
1138.0
1362.0
1275.0
1091.0
1269.0
1414.0
1530.0
1642.0
1794.0
1810.0
1856.0
1998.0
1308.0
1626.0
2065.0
1737.0
1653.0
1734.0
1692.0
1651.0
2035.0
1504.0
1204.0
1547.0
1607.0
1509.0
1514.0
1240.0
1204.0
106.280273438
106.596679688
106.168945312
-1
-1
-1
-1
-1
-1
-1
-1
[new]
1688.0
1784.0
1791.0
1832.0
1913.0
1703.0
1899.0
1597.0
1514.0
1680.0
1690.0
1760.0
1772.0
1674.0
1552.0
1438.0
1125.0
1382.0
1465.0
1272.0
1231.0
1094.0
1130.0
1098.0
1183.0
1294.0
1198.0
1421.0
1497.0
1524.0
1456.0
1391.0
1545.0
1591.0
1566.0
1500.0
1171.0
1054.0
1252.0
1336.0
1557.0
1457.0
1483.0
1788.0
1768.0
1684.0
1465.0
1570.0
1880.0
2080.0
1890.0
1733.0
1646.0
1620.0
1455.0
1349.0
1452.0
1193.0
1253.0
1432.0
1453.0
1430.0
1066.0
1329.0
112.2890625
113.142578125
113.5390625
-1
-1
-1
-1
-1
-1
-1
-1
[new]
1602.0
1826.0
1962.0
1812.0
2008.0
1876.0
1913.0
1573.0
1635.0
1888.0
1778.0
1818.0
1925.0
1831.0
1517.0
1426.0
1254.0
1618.0
1357.0
1230.0
1285.0
1190.0
1014.0
1306.0
1240.0
1326.0
1288.0
1330.0
1531.0
1511.0
1340.0
1436.0
1515.0
1485.0
1592.0
1464.0
1524.0
1273.0
1217.0
1445.0
1539.0
1454.0
1589.0
1704.0
1794.0
1695.0
1883.0
1578.0
1745.0
2010.0
1795.0
1639.0
1592.0
1612.0
1614.0
1981.0
1396.0
1105.0
1506.0
1608.0
1487.0
1551.0
988.0
1266.0
110.29296875
110.067382812
109.307617188
-1
-1
-1
-1
-1
-1
-1
-1
[new]
1405.0
1670.0
1575.0
1645.0
1516.0
1653.0
1548.0
1604.0
1518.0
1313.0
1255.0
1463.0
1478.0
892.0
1272.0
1479.0
1155.0
1324.0
1491.0
1629.0
1435.0
1500.0
1243.0
1221.0
1377.0
1281.0
1338.0
1104.0
1337.0
982.0
877.0
976.0
1471.0
1214.0
823.0
1129.0
898.0
1095.0
1171.0
1530.0
1513.0
1566.0
1435.0
1679.0
1789.0
1828.0
1572.0
1736.0
1209.0
1403.0
1468.0
1698.0
1425.0
1187.0
1164.0
1402.0
1409.0
1467.0
1185.0
1472.0
1162.0
900.0
1224.0
1332.0
114.782226562
116.759765625
117.584960938
-1
-1
-1
-1
-1
-1
-1
-1
[new]
1567.0
1668.0
1649.0
1700.0
1481.0
1419.0
1702.0
1397.0
1626.0
1442.0
1224.0
1532.0
1518.0
1484.0
1266.0
1536.0
1089.0
1302.0
1435.0
1464.0
1482.0
1469.0
1532.0
1282.0
1374.0
1423.0
1200.0
1289.0
1325.0
1176.0
1200.0
1093.0
1385.0
1513.0
777.0
1276.0
1019.0
1044.0
1184.0
1425.0
1649.0
1728.0
1606.0
1606.0
1761.0
1752.0
1559.0
1396.0
1217.0
1481.0
1639.0
1439.0
1450.0
1489.0
1324.0
1528.0
1996.0
1595.0
1075.0
1445.0
1306.0
1161.0
1133.0
1388.0
120.264648438
122.202148438
122.868164062
-1
-1
-1
-1
-1
-1
-1
-1
[new]
1629.0
1610.0
1886.0
1826.0
1835.0
1795.0
1886.0
1590.0
1478.0
1635.0
1758.0
1675.0
1930.0
1698.0
1679.0
1480.0
1108.0
1474.0
1338.0
1224.0
1311.0
1083.0
1076.0
956.0
1229.0
1245.0
1307.0
1390.0
1546.0
1481.0
1442.0
1501.0
1510.0
1529.0
1655.0
1497.0
1176.0
1130.0
1264.0
1304.0
1455.0
1434.0
1619.0
1767.0
1673.0
1823.0
1551.0
1536.0
1809.0
2072.0
1909.0
1729.0
1664.0
1723.0
1446.0
1497.0
1441.0
1177.0
1190.0
1537.0
1509.0
1326.0
1055.0
1094.0
112.028320312
112.759765625
113.59375
-1
-1
-1
-1
-1
-1
-1
-1
[new]
1516.0
1740.0
1895.0
1783.0
1846.0
1822.0
1680.0
1642.0
1605.0
1609.0
1608.0
1494.0
1656.0
1668.0
1400.0
1463.0
1680.0
1535.0
1413.0
1234.0
1320.0
1214.0
1587.0
1296.0
1123.0
1350.0
1391.0
1611.0
1642.0
1456.0
1306.0
1311.0
1416.0
1556.0
1623.0
1392.0
1566.0
1383.0
1379.0
1354.0
1558.0
1550.0
1596.0
1778.0
1692.0
1657.0
1724.0
1519.0
1771.0
1969.0
1679.0
1745.0
1331.0
1327.0
1557.0
1768.0
1222.0
1319.0
1370.0
1686.0
1496.0
1427.0
1218.0
1268.0
108.846679688
109.997070312
108.6484375
-1
-1
-1
-1
-1
-1
-1
-1
[new]
1610.0
1769.0
1911.0
1871.0
2041.0
1796.0
1786.0
1640.0
1572.0
1641.0
1496.0
1589.0
1684.0
1594.0
1482.0
1431.0
1285.0
1386.0
1321.0
1086.0
1425.0
1112.0
1132.0
1003.0
1325.0
1130.0
1442.0
1297.0
1382.0
1320.0
1244.0
1297.0
1355.0
1579.0
1846.0
1520.0
1293.0
1059.0
1193.0
1244.0
1493.0
1470.0
1694.0
1457.0
1748.0
1793.0
1572.0
1660.0
1759.0
1377.0
1627.0
1674.0
1473.0
1349.0
1600.0
1591.0
1494.0
1325.0
1149.0
1530.0
1467.0
1401.0
1057.0
1251.0
120.215820312
121.6953125
122.598632812
-1
-1
-1
-1
-1
-1
-1
-1
[new]
1787.0
1783.0
1713.0
1716.0
1649.0
1599.0
1589.0
1302.0
1523.0
1572.0
1377.0
1557.0
1632.0
1453.0
1431.0
1591.0
1189.0
1315.0
1588.0
1071.0
1071.0
861.0
1432.0
1727.0
1472.0
1543.0
1585.0
1397.0
1417.0
1397.0
1216.0
1229.0
1521.0
1470.0
1139.0
1415.0
1487.0
1388.0
1180.0
1122.0
1409.0
1561.0
1556.0
1822.0
1722.0
1835.0
1600.0
1260.0
1533.0
1489.0
1399.0
1530.0
1541.0
1496.0
1475.0
1754.0
1353.0
1011.0
1366.0
1745.0
1534.0
1505.0
1303.0
1263.0
113.922851562
116.889648438
116.00390625
-1
-1
-1
-1
-1
-1
-1
-1
[new]
1476.0
1726.0
1653.0
1673.0
1600.0
1669.0
1659.0
1412.0
1585.0
1556.0
1330.0
1581.0
1550.0
1077.0
1229.0
1500.0
1215.0
1304.0
1508.0
1610.0
1421.0
1402.0
1138.0
1445.0
1242.0
1233.0
1292.0
1247.0
1195.0
972.0
726.0
902.0
1475.0
1440.0
919.0
1270.0
1006.0
1038.0
1372.0
1468.0
1410.0
1591.0
1593.0
1608.0
1838.0
1890.0
1707.0
1520.0
1117.0
1102.0
1534.0
1434.0
1183.0
1574.0
1477.0
1217.0
1469.0
1462.0
1111.0
1487.0
1216.0
855.0
1351.0
1394.0
116.223632812
118.09765625
118.450195312
-1
-1
-1
-1
-1
-1
-1
-1
[new]
1589.0
1719.0
1911.0
1859.0
1877.0
1831.0
1761.0
1422.0
1415.0
1723.0
1817.0
1558.0
1596.0
1462.0
1509.0
1447.0
1358.0
1468.0
1651.0
1421.0
1244.0
1156.0
1248.0
1262.0
1177.0
1109.0
1241.0
1338.0
1326.0
1276.0
1315.0
1329.0
1399.0
1487.0
1520.0
1469.0
1148.0
1116.0
1208.0
1397.0
1555.0
1347.0
1706.0
1657.0
1930.0
1965.0
1930.0
1669.0
1505.0
1420.0
1496.0
1524.0
1450.0
1682.0
1623.0
1613.0
1533.0
1406.0
1398.0
1339.0
1480.0
1257.0
1044.0
1142.0
106.059570312
106.872070312
107.440429688
-1
-1
-1
-1
-1
-1
-1
-1
[new]
1623.0
1674.0
1874.0
1886.0
2044.0
1799.0
1707.0
1499.0
1365.0
1686.0
1626.0
1604.0
1546.0
1691.0
1411.0
1331.0
1180.0
1650.0
1586.0
1356.0
1377.0
1309.0
1245.0
1107.0
1003.0
1210.0
1266.0
1335.0
1275.0
1344.0
1312.0
1395.0
1520.0
1505.0
1566.0
1517.0
1252.0
1128.0
1203.0
1493.0
1602.0
1454.0
1684.0
1741.0
1722.0
1798.0
1842.0
1565.0
1652.0
1811.0
1749.0
1624.0
1152.0
1437.0
1596.0
1609.0
1645.0
1233.0
1248.0
928.0
1640.0
1346.0
965.0
1089.0
112.37109375
115.39453125
113.592773438
-1
-1
-1
-1
-1
-1
-1
-1
[new]
1553.0
1627.0
1911.0
1804.0
1975.0
1787.0
1867.0
1541.0
1464.0
1840.0
1718.0
1765.0
1951.0
1840.0
1538.0
1340.0
1397.0
1517.0
1407.0
1226.0
1317.0
1330.0
1160.0
1320.0
1269.0
1437.0
1315.0
1417.0
1569.0
1544.0
1270.0
1358.0
1800.0
1467.0
1642.0
1385.0
1761.0
1202.0
1166.0
1269.0
1562.0
1468.0
1642.0
1579.0
1734.0
1665.0
1711.0
1604.0
1794.0
2066.0
1581.0
1623.0
1556.0
1669.0
1560.0
1919.0
1285.0
1099.0
1438.0
1665.0
1515.0
1387.0
1361.0
1199.0
113.194335938
113.9921875
114.896484375
-1
-1
-1
-1
-1
-1
-1
-1
[new]
1568.0
1590.0
1799.0
1588.0
1813.0
1698.0
1476.0
1364.0
1518.0
1683.0
1759.0
1596.0
1690.0
1480.0
1522.0
1525.0
1328.0
1548.0
1495.0
1358.0
1367.0
961.0
920.0
1156.0
1126.0
1112.0
1544.0
1621.0
1407.0
1525.0
1686.0
1502.0
1575.0
1586.0
1698.0
1466.0
1192.0
848.0
1117.0
1496.0
1573.0
1669.0
1683.0
1650.0
1759.0
1732.0
1188.0
1408.0
1845.0
1916.0
1788.0
1380.0
1307.0
1740.0
1552.0
1274.0
1577.0
1634.0
1194.0
1412.0
1530.0
1187.0
1127.0
1222.0
115.258789062
116.265625
116.415039062
-1
-1
-1
-1
-1
-1
-1
-1
[new]
1484.0
1696.0
1572.0
1668.0
1579.0
1314.0
1698.0
1483.0
1614.0
1535.0
1685.0
1801.0
1433.0
1590.0
1426.0
1426.0
1164.0
1314.0
1396.0
1644.0
1551.0
1176.0
1231.0
1329.0
1214.0
1224.0
1096.0
1167.0
1171.0
1518.0
1594.0
1341.0
1344.0
1476.0
865.0
1309.0
997.0
1026.0
1262.0
1403.0
1523.0
1780.0
1691.0
1731.0
1837.0
1743.0
1493.0
1470.0
1707.0
1586.0
1820.0
1769.0
1472.0
1514.0
1374.0
1085.0
1919.0
1665.0
913.0
1435.0
1417.0
1086.0
1137.0
1285.0
123.512695312
124.46484375
124.935546875
-1
-1
-1
-1
-1
-1
-1
-1
[new]
1683.0
1713.0
1902.0
1693.0
2013.0
1765.0
1685.0
1514.0
1441.0
1674.0
1526.0
1479.0
1609.0
1751.0
1377.0
1456.0
1193.0
1537.0
1486.0
1407.0
1420.0
1283.0
1215.0
1147.0
997.0
1183.0
1077.0
1379.0
1280.0
1340.0
1351.0
1392.0
1572.0
1487.0
1590.0
1491.0
1222.0
1101.0
1144.0
1401.0
1572.0
1472.0
1655.0
1675.0
1707.0
1855.0
1883.0
1436.0
1680.0
1796.0
1778.0
1545.0
1427.0
1461.0
1594.0
1189.0
1692.0
1273.0
1299.0
942.0
1634.0
1173.0
1055.0
1167.0
112.810546875
114.783203125
115.028320312
-1
-1
-1
-1
-1
-1
-1
-1
[new]
1532.0
1691.0
1891.0
1838.0
2020.0
1550.0
1491.0
1798.0
1670.0
1619.0
1592.0
1722.0
1729.0
1523.0
1340.0
1302.0
1284.0
1560.0
1592.0
1264.0
1272.0
973.0
1189.0
1096.0
1112.0
1221.0
1360.0
1412.0
1513.0
1338.0
1423.0
1214.0
1418.0
1604.0
1835.0
1522.0
1347.0
1064.0
1112.0
1290.0
1465.0
1477.0
1526.0
1862.0
1597.0
1288.0
1598.0
1603.0
1721.0
1817.0
1578.0
1476.0
1711.0
1411.0
1724.0
1319.0
1529.0
1465.0
1299.0
1404.0
1499.0
1296.0
1085.0
1189.0
106.97265625
110.220703125
110.891601562
-1
-1
-1
-1
-1
-1
-1
-1
[new]
1566.0
1756.0
1939.0
1876.0
1956.0
1941.0
1689.0
1482.0
1393.0
1737.0
1483.0
1575.0
1594.0
1581.0
1329.0
1353.0
1419.0
1490.0
1381.0
1316.0
1247.0
1112.0
1389.0
1248.0
1336.0
1474.0
1512.0
1371.0
1532.0
1574.0
1391.0
1396.0
1434.0
1522.0
1529.0
1497.0
1578.0
1224.0
1289.0
1332.0
1533.0
1404.0
1706.0
1480.0
1920.0
1936.0
1549.0
1812.0
1910.0
1530.0
1637.0
1579.0
1551.0
1595.0
1521.0
1803.0
1348.0
1119.0
1001.0
1534.0
1478.0
1469.0
1280.0
1338.0
113.913085938
113.748046875
112.983398438
-1
-1
-1
-1
-1
-1
-1
-1
[new]
1585.0
1669.0
1967.0
1753.0
2085.0
1770.0
1907.0
1596.0
1469.0
1814.0
1804.0
1746.0
1800.0
1667.0
1675.0
1449.0
1290.0
1410.0
1422.0
1102.0
1225.0
1020.0
1104.0
1094.0
1162.0
1188.0
1491.0
1438.0
1436.0
1491.0
1280.0
1476.0
1428.0
1598.0
1752.0
1519.0
1370.0
1179.0
1213.0
1301.0
1539.0
1474.0
1695.0
1700.0
1745.0
1675.0
1557.0
1525.0
1894.0
2048.0
1699.0
1717.0
1645.0
1695.0
1445.0
1599.0
1453.0
1198.0
1181.0
1451.0
1540.0
1406.0
1066.0
1078.0
112.432617188
112.16796875
113.189453125
-1
-1
-1
-1
-1
-1
-1
-1
[new]
1352.0
1639.0
1743.0
1675.0
1680.0
1517.0
1638.0
1529.0
1528.0
1307.0
1222.0
1456.0
1677.0
1630.0
1289.0
1564.0
1317.0
1415.0
1317.0
1591.0
1498.0
1387.0
1301.0
1345.0
1262.0
1210.0
1301.0
1270.0
1148.0
952.0
828.0
1236.0
1491.0
1393.0
871.0
1273.0
1165.0
1057.0
1138.0
1489.0
1562.0
1504.0
1623.0
1871.0
1759.0
1909.0
1752.0
1473.0
1375.0
1288.0
1278.0
1541.0
1493.0
1597.0
1531.0
1086.0
1385.0
1557.0
1104.0
1330.0
1460.0
936.0
1251.0
1282.0
115.233398438
116.809570312
117.279296875
-1
-1
-1
-1
-1
-1
-1
-1
