[new]
1415.0
1380.0
1309.0
1042.0
989.0
1088.0
1257.0
1255.0
1076.0
1267.0
1284.0
1226.0
1192.0
1312.0
1207.0
1188.0
1239.0
1330.0
1463.0
1335.0
1188.0
1068.0
1021.0
1174.0
1395.0
1071.0
1319.0
1474.0
1377.0
1661.0
1507.0
1565.0
1756.0
1798.0
1853.0
1674.0
1605.0
1216.0
1120.0
760.0
901.0
1061.0
1098.0
1163.0
1218.0
1299.0
1335.0
1384.0
1442.0
1324.0
1436.0
1147.0
1035.0
967.0
1188.0
1326.0
1336.0
1201.0
1108.0
1363.0
1467.0
1194.0
858.0
1041.0
72.994140625
76.857421875
68.5927734375
182
418
1
[new]
297.0
280.0
275.0
281.0
280.0
301.0
301.0
269.0
261.0
227.0
204.0
218.0
253.0
257.0
281.0
335.0
316.0
337.0
352.0
371.0
335.0
360.0
329.0
408.0
500.0
463.0
463.0
578.0
538.0
536.0
521.0
566.0
383.0
351.0
316.0
299.0
292.0
262.0
202.0
156.0
181.0
208.0
211.0
215.0
272.0
320.0
351.0
377.0
419.0
370.0
317.0
361.0
386.0
342.0
356.0
344.0
337.0
439.0
413.0
471.0
496.0
574.0
620.0
652.0
8.220703125
12.7822265625
12.7529296875
644
54
1
[new]
967.0
848.0
625.0
875.0
1453.0
1416.0
1619.0
1538.0
1185.0
1404.0
1657.0
1607.0
1584.0
1567.0
1803.0
1688.0
1782.0
1771.0
1861.0
1604.0
1643.0
1568.0
1486.0
1398.0
1560.0
1665.0
1857.0
1706.0
1982.0
1964.0
1947.0
1964.0
1474.0
1593.0
1308.0
1173.0
1163.0
1340.0
1349.0
1349.0
1525.0
1562.0
1416.0
1587.0
1697.0
1644.0
1741.0
1628.0
1835.0
1647.0
1740.0
1613.0
1642.0
1731.0
1541.0
1377.0
1457.0
1360.0
1341.0
1697.0
1773.0
1711.0
1903.0
1677.0
124.424804688
127.619140625
127.12890625
1082
522
0
[new]
843.0
1271.0
2049.0
1930.0
1927.0
1476.0
1297.0
1242.0
1447.0
1265.0
1258.0
1489.0
1138.0
1491.0
1521.0
1323.0
1685.0
1513.0
1453.0
1330.0
1404.0
1596.0
1576.0
1564.0
1518.0
1610.0
1523.0
1627.0
1467.0
1604.0
1665.0
1445.0
1385.0
1097.0
1056.0
1120.0
1456.0
1456.0
1452.0
1399.0
1362.0
1519.0
1439.0
1442.0
1499.0
1602.0
1494.0
1401.0
1267.0
1412.0
1373.0
1465.0
1578.0
1519.0
1755.0
1636.0
1728.0
1733.0
1466.0
1616.0
1242.0
1560.0
1955.0
2063.0
109.737304688
119.55078125
118.80078125
68
526
1
[new]
996.0
765.0
627.0
955.0
1615.0
1469.0
1578.0
1571.0
1212.0
1361.0
1714.0
1595.0
1586.0
1571.0
1627.0
1602.0
1732.0
1965.0
1727.0
1545.0
1661.0
1630.0
1443.0
1537.0
1568.0
1626.0
1452.0
1655.0
1671.0
1637.0
1695.0
1755.0
1460.0
1557.0
1334.0
1291.0
1232.0
1133.0
1175.0
1268.0
1351.0
1411.0
1191.0
1466.0
1454.0
1626.0
1754.0
1615.0
1650.0
1741.0
1774.0
1487.0
1688.0
1824.0
1456.0
1250.0
1468.0
1261.0
1439.0
1718.0
1976.0
1876.0
1652.0
1565.0
121.5
125.669921875
126.114257812
1025
387
1
[new]
273.0
250.0
252.0
261.0
274.0
286.0
297.0
274.0
241.0
217.0
199.0
207.0
231.0
226.0
246.0
300.0
301.0
354.0
352.0
421.0
336.0
317.0
300.0
292.0
433.0
466.0
565.0
722.0
677.0
646.0
606.0
647.0
362.0
346.0
306.0
284.0
287.0
244.0
202.0
207.0
258.0
281.0
313.0
288.0
346.0
334.0
369.0
378.0
406.0
368.0
305.0
329.0
359.0
315.0
339.0
365.0
384.0
391.0
390.0
451.0
474.0
549.0
591.0
648.0
8.9658203125
13.15234375
12.384765625
1007
309
0
[new]
1982.0
2157.0
1963.0
1864.0
1775.0
1543.0
1370.0
1157.0
1396.0
1200.0
1340.0
1309.0
1190.0
1283.0
1220.0
1278.0
1408.0
1179.0
1249.0
1289.0
1321.0
1581.0
1395.0
1568.0
1360.0
1413.0
1318.0
1253.0
1116.0
1251.0
1248.0
1088.0
1436.0
1320.0
1099.0
1584.0
1394.0
1292.0
1319.0
1125.0
1304.0
1166.0
895.0
1149.0
1381.0
1289.0
1354.0
1405.0
1064.0
1626.0
1559.0
1549.0
1613.0
1478.0
1645.0
1752.0
1451.0
1461.0
1622.0
1431.0
1149.0
1681.0
1731.0
1740.0
103.818359375
118.149414062
115.276367188
830
270
0
[new]
2102.0
2009.0
1924.0
1797.0
1757.0
1706.0
1366.0
1157.0
1337.0
1264.0
1320.0
1316.0
1308.0
1307.0
1272.0
1294.0
1379.0
1127.0
1231.0
1260.0
1514.0
1675.0
1244.0
1399.0
1241.0
1629.0
1329.0
1527.0
1302.0
1325.0
1434.0
1289.0
1373.0
1478.0
1213.0
1673.0
1549.0
1280.0
1311.0
1062.0
1483.0
1374.0
1263.0
1104.0
1196.0
1259.0
1757.0
1463.0
1208.0
1406.0
1591.0
1620.0
1627.0
1516.0
1560.0
1456.0
1501.0
1403.0
1692.0
1358.0
1319.0
1594.0
1720.0
1732.0
101.323242188
115.698242188
113.5859375
1013
453
0
[new]
249.0
233.0
230.0
238.0
245.0
274.0
279.0
247.0
222.0
187.0
217.0
257.0
260.0
282.0
330.0
345.0
349.0
377.0
319.0
346.0
305.0
397.0
509.0
563.0
543.0
509.0
496.0
571.0
530.0
554.0
538.0
536.0
327.0
311.0
277.0
269.0
266.0
221.0
180.0
204.0
314.0
272.0
227.0
168.0
236.0
247.0
317.0
339.0
371.0
368.0
432.0
421.0
394.0
404.0
427.0
500.0
491.0
517.0
454.0
438.0
430.0
526.0
563.0
626.0
7.7275390625
13.7607421875
13.1044921875
551
49
1
[new]
895.0
780.0
628.0
901.0
1677.0
1392.0
1541.0
1500.0
1155.0
1342.0
1606.0
1510.0
1656.0
1706.0
1677.0
1652.0
1605.0
1909.0
1733.0
1537.0
1661.0
1628.0
1365.0
1528.0
1724.0
1646.0
1895.0
1610.0
1700.0
1666.0
1589.0
1836.0
1527.0
1516.0
1297.0
1180.0
1228.0
1349.0
1274.0
1256.0
1525.0
1565.0
1400.0
1371.0
1468.0
1403.0
1660.0
1593.0
1747.0
1658.0
1804.0
1462.0
1659.0
1784.0
1623.0
1503.0
1402.0
1352.0
1382.0
1635.0
1771.0
1727.0
1603.0
1526.0
120.375
124.376953125
124.578125
212
348
1
[new]
903.0
1749.0
2022.0
2105.0
1802.0
1401.0
1112.0
1130.0
1379.0
1321.0
1309.0
1250.0
1248.0
1432.0
1483.0
1345.0
1562.0
1519.0
1373.0
1414.0
1234.0
1496.0
1469.0
1643.0
1574.0
1707.0
1675.0
1579.0
1700.0
1492.0
1576.0
1375.0
1438.0
1254.0
1305.0
1324.0
1423.0
1274.0
1441.0
1287.0
1245.0
1428.0
1546.0
1394.0
1354.0
1332.0
1357.0
1446.0
1586.0
1379.0
1467.0
1732.0
1707.0
1742.0
1606.0
1670.0
1675.0
1631.0
1267.0
1303.0
1247.0
1627.0
1905.0
1987.0
107.955078125
121.854492188
120.202148438
635
175
1
[new]
935.0
1407.0
2143.0
1964.0
1885.0
1340.0
1201.0
1185.0
1354.0
1184.0
1213.0
1556.0
1289.0
1476.0
1489.0
1318.0
1600.0
1575.0
1522.0
1332.0
1284.0
1542.0
1505.0
1580.0
1616.0
1631.0
1733.0
1428.0
1278.0
1568.0
1404.0
1129.0
1483.0
1128.0
1018.0
1316.0
1309.0
1508.0
1293.0
1338.0
1272.0
1297.0
1351.0
1409.0
1269.0
1558.0
1505.0
1588.0
1329.0
1223.0
1462.0
1535.0
1590.0
1696.0
1657.0
1519.0
1629.0
1616.0
1452.0
1472.0
1340.0
1625.0
1924.0
1955.0
110.803710938
122.075195312
120.560546875
254
622
1
[new]
1047.0
1939.0
2203.0
2008.0
1900.0
1489.0
1105.0
1243.0
1323.0
1272.0
1222.0
1367.0
1279.0
1343.0
1493.0
1497.0
1558.0
1570.0
1413.0
1467.0
1395.0
1514.0
1451.0
1484.0
1690.0
1866.0
1724.0
1714.0
1573.0
1585.0
1498.0
1282.0
1529.0
1046.0
1119.0
1422.0
1506.0
1396.0
1481.0
1367.0
1395.0
1397.0
1456.0
1298.0
1416.0
1532.0
1397.0
1350.0
1476.0
1258.0
1480.0
1713.0
1870.0
1775.0
1719.0
1660.0
1816.0
1694.0
1561.0
1546.0
1313.0
1774.0
1813.0
1939.0
109.787109375
118.651367188
118.888671875
746
10
1
[new]
1517.0
1415.0
1293.0
1176.0
1018.0
1089.0
1193.0
1234.0
1039.0
1044.0
1171.0
1285.0
1140.0
1097.0
1389.0
1124.0
1332.0
1474.0
1307.0
1321.0
1115.0
1177.0
1016.0
1161.0
1224.0
1294.0
1173.0
1022.0
1299.0
1684.0
1942.0
1848.0
1751.0
1880.0
1866.0
1695.0
1650.0
1183.0
1168.0
811.0
978.0
973.0
1211.0
1043.0
1153.0
1381.0
1418.0
1451.0
1262.0
997.0
923.0
994.0
1083.0
944.0
1240.0
1238.0
1326.0
1235.0
1247.0
1342.0
1590.0
1402.0
1112.0
1066.0
67.9560546875
68.0146484375
60.5185546875
458
240
1
[new]
857.0
1928.0
2159.0
1968.0
1760.0
1486.0
1134.0
1212.0
1397.0
1293.0
1206.0
1336.0
1314.0
1398.0
1295.0
1360.0
1537.0
1507.0
1464.0
1489.0
1248.0
1408.0
1548.0
1531.0
1680.0
1642.0
1596.0
1660.0
1599.0
1528.0
1630.0
1310.0
1470.0
1139.0
1188.0
1306.0
1410.0
1319.0
1389.0
1339.0
1286.0
1431.0
1557.0
1384.0
1378.0
1375.0
1372.0
1490.0
1529.0
1243.0
1429.0
1737.0
1722.0
1754.0
1609.0
1812.0
1569.0
1702.0
1458.0
1489.0
1229.0
1526.0
1921.0
1918.0
109.314453125
122.987304688
121.227539062
1001
541
1
[new]
2085.0
2113.0
2000.0
1834.0
1866.0
1468.0
1193.0
1148.0
1343.0
1222.0
1394.0
1309.0
1366.0
1388.0
1199.0
1311.0
1476.0
1243.0
1345.0
1315.0
1307.0
1297.0
1424.0
1521.0
1494.0
1462.0
1394.0
1372.0
1041.0
1202.0
1127.0
1179.0
1485.0
1114.0
1374.0
1197.0
1184.0
1333.0
1438.0
1013.0
1379.0
1162.0
1062.0
1360.0
1372.0
1597.0
1432.0
1361.0
1370.0
1555.0
1646.0
1577.0
1594.0
1396.0
1698.0
1720.0
1385.0
1515.0
1468.0
1350.0
1219.0
1595.0
1643.0
1844.0
105.534179688
120.736328125
118.977539062
101
657
0
[new]
930.0
1558.0
2114.0
2109.0
1886.0
1340.0
1205.0
1151.0
1331.0
1267.0
1334.0
1466.0
1230.0
1425.0
1525.0
1309.0
1573.0
1449.0
1411.0
1335.0
1350.0
1437.0
1422.0
1648.0
1651.0
1812.0
1699.0
1732.0
1682.0
1705.0
1603.0
1231.0
1452.0
1145.0
1142.0
1154.0
1410.0
1467.0
1410.0
1323.0
1378.0
1341.0
1385.0
1423.0
1465.0
1602.0
1668.0
1561.0
1263.0
1266.0
1465.0
1665.0
1691.0
1721.0
1642.0
1574.0
1826.0
1645.0
1457.0
1422.0
1287.0
1727.0
1948.0
1995.0
112.102539062
122.875976562
122.307617188
437
439
1
[new]
912.0
788.0
639.0
949.0
1456.0
1477.0
1569.0
1593.0
1200.0
1363.0
1607.0
1701.0
1696.0
1598.0
1786.0
1772.0
1691.0
1920.0
1807.0
1653.0
1642.0
1610.0
1446.0
1429.0
1484.0
1572.0
1562.0
1325.0
1507.0
1639.0
1621.0
1583.0
1422.0
1554.0
1354.0
1245.0
1252.0
1366.0
1268.0
1339.0
1498.0
1579.0
1440.0
1629.0
1578.0
1555.0
1839.0
1488.0
1343.0
1602.0
1492.0
1434.0
1479.0
1632.0
1435.0
1321.0
1415.0
1255.0
1325.0
1633.0
1901.0
1751.0
1667.0
1506.0
121.830078125
127.36328125
127.508789062
524
36
0
[new]
1499.0
1927.0
2149.0
2001.0
2019.0
1354.0
1210.0
1193.0
1286.0
1322.0
1158.0
1436.0
1234.0
1372.0
1465.0
1504.0
1638.0
1398.0
1502.0
1218.0
1361.0
1637.0
1523.0
1525.0
1596.0
1554.0
1540.0
1400.0
1255.0
1265.0
1384.0
1125.0
1624.0
1123.0
1102.0
1404.0
1610.0
1347.0
1327.0
1091.0
1320.0
1392.0
1217.0
1409.0
1143.0
1402.0
1322.0
1531.0
1286.0
1435.0
1653.0
1533.0
1780.0
1668.0
1713.0
1596.0
1638.0
1615.0
1539.0
1489.0
1262.0
1727.0
1832.0
1920.0
106.80078125
121.040039062
118.712890625
590
48
0
[new]
930.0
659.0
636.0
1101.0
1556.0
1325.0
1516.0
1447.0
1174.0
1301.0
1652.0
1514.0
1561.0
1523.0
1677.0
1492.0
1722.0
1716.0
1631.0
1632.0
1710.0
1589.0
1548.0
1420.0
1426.0
1574.0
1885.0
1684.0
1945.0
1764.0
1772.0
1760.0
1347.0
1413.0
1186.0
1179.0
1064.0
1217.0
1282.0
1469.0
1540.0
1554.0
1412.0
1515.0
1547.0
1689.0
1761.0
1593.0
1589.0
1749.0
1641.0
1465.0
1744.0
1599.0
1393.0
1368.0
1455.0
1237.0
1406.0
1699.0
1649.0
1768.0
1855.0
1457.0
120.951171875
124.327148438
121.330078125
218
480
0
[new]
866.0
1876.0
2190.0
2038.0
1807.0
1398.0
1233.0
1141.0
1338.0
1192.0
1142.0
1448.0
1343.0
1392.0
1363.0
1402.0
1645.0
1569.0
1506.0
1388.0
1285.0
1563.0
1632.0
1524.0
1365.0
1672.0
1609.0
1545.0
1584.0
1427.0
1643.0
1242.0
1233.0
1068.0
1148.0
1239.0
1426.0
1429.0
1409.0
1388.0
1382.0
1357.0
1466.0
1401.0
1484.0
1513.0
1472.0
1543.0
1457.0
1210.0
1432.0
1688.0
1695.0
1584.0
1612.0
1721.0
1742.0
1665.0
1508.0
1424.0
1295.0
1615.0
1869.0
1893.0
108.352539062
119.53125
116.87890625
119
343
1
[new]
262.0
236.0
226.0
231.0
253.0
279.0
287.0
257.0
233.0
217.0
234.0
263.0
264.0
278.0
334.0
370.0
340.0
361.0
286.0
357.0
441.0
513.0
472.0
532.0
556.0
537.0
493.0
527.0
529.0
489.0
517.0
521.0
334.0
301.0
274.0
264.0
271.0
255.0
212.0
181.0
197.0
227.0
181.0
250.0
261.0
335.0
358.0
349.0
393.0
381.0
468.0
455.0
440.0
403.0
452.0
425.0
471.0
504.0
456.0
441.0
436.0
531.0
565.0
624.0
7.615234375
14.33203125
12.98046875
839
141
1
[new]
951.0
763.0
555.0
972.0
1563.0
1394.0
1571.0
1555.0
1186.0
1353.0
1574.0
1500.0
1661.0
1533.0
1717.0
1630.0
1633.0
1858.0
1716.0
1475.0
1602.0
1620.0
1500.0
1487.0
1832.0
1673.0
1738.0
1489.0
1546.0
1630.0
1577.0
1627.0
1433.0
1553.0
1339.0
1323.0
1202.0
1311.0
1391.0
1112.0
1388.0
1503.0
1297.0
1398.0
1296.0
1548.0
1744.0
1542.0
1616.0
1665.0
1900.0
1428.0
1715.0
1796.0
1413.0
1407.0
1349.0
1181.0
1382.0
1546.0
1854.0
1743.0
1647.0
1459.0
120.715820312
124.374023438
124.734375
395
165
1
[new]
1565.0
2100.0
2099.0
1902.0
1844.0
1454.0
1221.0
1086.0
1411.0
1348.0
1388.0
1194.0
1269.0
1349.0
1100.0
1375.0
1506.0
1285.0
1406.0
1418.0
1479.0
1412.0
1482.0
1512.0
1614.0
1625.0
1530.0
1714.0
1479.0
1440.0
1451.0
1259.0
1489.0
1133.0
1151.0
1294.0
1518.0
1397.0
1295.0
1321.0
1490.0
1376.0
1309.0
1247.0
1510.0
1518.0
1470.0
1313.0
1301.0
1369.0
1416.0
1738.0
1702.0
1602.0
1559.0
1843.0
1650.0
1482.0
1590.0
1574.0
1275.0
1696.0
1857.0
1832.0
107.446289062
122.802734375
121.091796875
521
255
1
[new]
750.0
1471.0
2153.0
2094.0
1954.0
1244.0
1264.0
1183.0
1463.0
1194.0
1221.0
1401.0
1284.0
1431.0
1311.0
1418.0
1493.0
1536.0
1408.0
1424.0
1326.0
1583.0
1610.0
1610.0
1621.0
1939.0
1721.0
1465.0
1497.0
1433.0
1181.0
1118.0
1526.0
1252.0
1076.0
1255.0
1387.0
1348.0
1300.0
1203.0
1108.0
1310.0
1519.0
1438.0
1340.0
1509.0
1458.0
1424.0
1381.0
1250.0
1321.0
1751.0
1656.0
1806.0
1646.0
1728.0
1606.0
1497.0
1538.0
1428.0
1217.0
1610.0
1876.0
2037.0
110.784179688
124.399414062
124.133789062
1163
427
1
[new]
2152.0
2050.0
1831.0
1791.0
1689.0
1611.0
1292.0
1162.0
1218.0
1257.0
1232.0
1135.0
1107.0
1262.0
1084.0
1224.0
1258.0
1193.0
1292.0
1196.0
1291.0
1142.0
1184.0
1440.0
1398.0
1542.0
1429.0
1482.0
1395.0
1315.0
1271.0
1135.0
1287.0
1425.0
1259.0
1533.0
1467.0
1350.0
1482.0
1099.0
1172.0
1148.0
1106.0
1290.0
1322.0
1344.0
1242.0
1320.0
1331.0
1459.0
1451.0
1441.0
1568.0
1359.0
1570.0
1544.0
1404.0
1485.0
1589.0
1295.0
1043.0
1447.0
1540.0
1688.0
95.755859375
103.955078125
95.8525390625
338
360
0
[new]
1959.0
2085.0
1986.0
1817.0
1756.0
1497.0
1372.0
1124.0
1240.0
1118.0
1527.0
1309.0
1231.0
1232.0
1158.0
1284.0
1535.0
1308.0
1277.0
1339.0
1009.0
1474.0
1534.0
1682.0
1331.0
1401.0
1282.0
1340.0
1207.0
1300.0
1212.0
1129.0
1421.0
1326.0
1066.0
1640.0
1488.0
1239.0
1342.0
1116.0
1244.0
1237.0
973.0
1131.0
1422.0
1196.0
1152.0
1524.0
1031.0
1542.0
1569.0
1560.0
1685.0
1495.0
1590.0
1689.0
1524.0
1413.0
1601.0
1429.0
1328.0
1533.0
1706.0
1843.0
103.23046875
116.936523438
114.521484375
275
285
0
[new]
647.0
1485.0
2289.0
1926.0
1934.0
1323.0
1194.0
1229.0
1391.0
1240.0
1176.0
1413.0
1299.0
1409.0
1617.0
1378.0
1513.0
1683.0
1560.0
1541.0
1425.0
1529.0
1482.0
1622.0
1752.0
1870.0
1514.0
1557.0
1751.0
1517.0
1432.0
1447.0
1419.0
1111.0
1063.0
1363.0
1392.0
1391.0
1425.0
1389.0
1261.0
1366.0
1523.0
1377.0
1494.0
1569.0
1525.0
1372.0
1306.0
1477.0
1596.0
1844.0
1639.0
1767.0
1696.0
1666.0
1494.0
1605.0
1419.0
1507.0
1354.0
1740.0
1971.0
2024.0
114.407226562
126.47265625
125.172851562
1199
561
1
[new]
1119.0
1933.0
2002.0
2010.0
1755.0
1373.0
1073.0
1181.0
1379.0
1226.0
1193.0
1430.0
1281.0
1378.0
1431.0
1498.0
1517.0
1548.0
1386.0
1372.0
1357.0
1479.0
1431.0
1565.0
1606.0
1783.0
1515.0
1815.0
1582.0
1461.0
1609.0
1369.0
1438.0
1135.0
1081.0
1096.0
1587.0
1330.0
1464.0
1331.0
1350.0
1392.0
1387.0
1367.0
1315.0
1483.0
1342.0
1608.0
1473.0
1242.0
1537.0
1675.0
1882.0
1728.0
1440.0
1864.0
1711.0
1670.0
1458.0
1484.0
1277.0
1712.0
1901.0
1897.0
107.892578125
119.576171875
117.619140625
491
31
1
[new]
849.0
760.0
577.0
814.0
1506.0
1441.0
1587.0
1555.0
1206.0
1378.0
1581.0
1647.0
1674.0
1633.0
1678.0
1607.0
1811.0
1814.0
1689.0
1591.0
1456.0
1726.0
1617.0
1392.0
1579.0
1602.0
1624.0
1794.0
1953.0
1920.0
1924.0
1910.0
1373.0
1603.0
1307.0
1154.0
1228.0
1386.0
1295.0
1298.0
1547.0
1647.0
1555.0
1599.0
1593.0
1707.0
1856.0
1672.0
1748.0
1642.0
1800.0
1494.0
1678.0
1615.0
1433.0
1336.0
1413.0
1203.0
1454.0
1658.0
1888.0
1604.0
1508.0
1601.0
123.397460938
127.0234375
126.983398438
341
297
0
[new]
907.0
847.0
677.0
958.0
1384.0
1460.0
1698.0
1589.0
1200.0
1374.0
1607.0
1589.0
1413.0
1637.0
1744.0
1674.0
1703.0
1875.0
1713.0
1570.0
1628.0
1590.0
1539.0
1585.0
1802.0
1743.0
1673.0
1636.0
1656.0
1639.0
1730.0
1721.0
1426.0
1485.0
1454.0
1336.0
1289.0
1263.0
1234.0
1369.0
1599.0
1664.0
1519.0
1621.0
1652.0
1423.0
1657.0
1357.0
1619.0
1448.0
1752.0
1473.0
1590.0
1803.0
1599.0
1424.0
1402.0
1266.0
1313.0
1761.0
1763.0
1768.0
1761.0
1471.0
123.01953125
127.083007812
126.6328125
470
168
1
[new]
956.0
1575.0
1973.0
2015.0
1838.0
1352.0
1236.0
1278.0
1412.0
1303.0
1287.0
1363.0
1257.0
1492.0
1371.0
1447.0
1556.0
1583.0
1437.0
1514.0
1355.0
1501.0
1589.0
1617.0
1629.0
1733.0
1584.0
1618.0
1575.0
1606.0
1568.0
1223.0
1468.0
1093.0
1261.0
1351.0
1348.0
1391.0
1280.0
1363.0
1265.0
1383.0
1587.0
1336.0
1268.0
1467.0
1326.0
1497.0
1688.0
1516.0
1352.0
1548.0
1683.0
1836.0
1697.0
1892.0
1466.0
1582.0
1466.0
1464.0
1320.0
1709.0
1937.0
2003.0
110.291992188
123.436523438
121.705078125
470
406
1
[new]
306.0
281.0
273.0
279.0
285.0
309.0
310.0
276.0
248.0
229.0
268.0
302.0
288.0
297.0
349.0
366.0
384.0
364.0
348.0
327.0
344.0
505.0
645.0
642.0
661.0
579.0
541.0
561.0
537.0
489.0
521.0
606.0
392.0
363.0
330.0
303.0
296.0
276.0
212.0
157.0
216.0
356.0
387.0
328.0
306.0
301.0
285.0
315.0
334.0
379.0
417.0
458.0
474.0
447.0
477.0
554.0
510.0
548.0
498.0
478.0
465.0
565.0
610.0
683.0
9.2431640625
13.904296875
15.0166015625
308
292
1
[new]
701.0
882.0
1834.0
2122.0
1918.0
1444.0
1205.0
1247.0
1326.0
1289.0
1403.0
1421.0
1508.0
1445.0
1420.0
1587.0
1794.0
1636.0
1432.0
1461.0
1402.0
1312.0
1456.0
1579.0
1766.0
1740.0
1544.0
1468.0
1343.0
1243.0
1148.0
1013.0
1466.0
1074.0
1096.0
1263.0
1400.0
1224.0
1194.0
1192.0
1001.0
1140.0
1084.0
1310.0
1469.0
1436.0
1226.0
1415.0
1634.0
1621.0
1718.0
1727.0
1768.0
1784.0
1739.0
1617.0
1731.0
1652.0
1343.0
1299.0
1295.0
1502.0
1855.0
1814.0
120.14453125
131.298828125
123.826171875
155
543
0
[new]
882.0
813.0
624.0
1012.0
1354.0
1443.0
1590.0
1500.0
1236.0
1452.0
1409.0
1653.0
1712.0
1684.0
1690.0
1601.0
1849.0
1825.0
1759.0
1558.0
1644.0
1652.0
1602.0
1397.0
1605.0
1696.0
1867.0
1748.0
1924.0
1906.0
1909.0
1926.0
1456.0
1512.0
1327.0
1236.0
1192.0
1253.0
1359.0
1302.0
1554.0
1636.0
1520.0
1600.0
1554.0
1744.0
1785.0
1687.0
1725.0
1909.0
1766.0
1529.0
1713.0
1526.0
1493.0
1501.0
1507.0
1296.0
1475.0
1651.0
1835.0
1657.0
1679.0
1543.0
124.883789062
127.2890625
127.12890625
710
72
0
[new]
1112.0
2108.0
2079.0
2003.0
1827.0
1518.0
1309.0
1266.0
1313.0
1213.0
1244.0
1354.0
1413.0
1340.0
1371.0
1360.0
1705.0
1423.0
1363.0
1303.0
1231.0
1590.0
1507.0
1609.0
1650.0
1689.0
1640.0
1601.0
1339.0
1549.0
1260.0
1192.0
1546.0
1267.0
1180.0
1300.0
1478.0
1424.0
1367.0
1311.0
1277.0
1489.0
1341.0
1453.0
1471.0
1366.0
1472.0
1498.0
1605.0
1595.0
1691.0
1631.0
1480.0
1498.0
1494.0
1780.0
1719.0
1455.0
1442.0
1257.0
1299.0
1617.0
1764.0
1914.0
109.788085938
123.998046875
122.721679688
404
234
0
[new]
754.0
1204.0
1897.0
2008.0
1852.0
1140.0
1241.0
1217.0
1421.0
1331.0
1267.0
1275.0
1345.0
1377.0
1703.0
1521.0
1511.0
1606.0
1459.0
1412.0
1444.0
1437.0
1686.0
1603.0
1682.0
1860.0
1883.0
1564.0
1641.0
1526.0
1610.0
1443.0
1459.0
1172.0
1271.0
1188.0
1484.0
1276.0
1245.0
1381.0
1353.0
1459.0
1532.0
1569.0
1378.0
1372.0
1328.0
1426.0
1606.0
1220.0
1334.0
1613.0
1752.0
1861.0
1881.0
1813.0
1592.0
1482.0
1513.0
1509.0
1298.0
1769.0
1934.0
1850.0
114.200195312
123.3984375
122.479492188
797
61
1
[new]
1033.0
695.0
582.0
829.0
1577.0
1482.0
1546.0
1528.0
1271.0
1400.0
1578.0
1603.0
1531.0
1616.0
1737.0
1692.0
1719.0
1847.0
1686.0
1623.0
1615.0
1690.0
1526.0
1457.0
1491.0
1370.0
1554.0
1464.0
1524.0
1581.0
1652.0
1473.0
1356.0
1602.0
1303.0
1302.0
1164.0
1285.0
1498.0
1294.0
1469.0
1561.0
1487.0
1521.0
1631.0
1581.0
1596.0
1403.0
1420.0
1549.0
1527.0
1334.0
1463.0
1670.0
1367.0
1266.0
1585.0
1179.0
1329.0
1636.0
1871.0
1660.0
1666.0
1397.0
120.9375
126.9921875
127.125
341
219
0
[new]
836.0
1918.0
2253.0
2069.0
1882.0
1444.0
1258.0
1165.0
1420.0
1274.0
1293.0
1294.0
1372.0
1268.0
1440.0
1451.0
1502.0
1567.0
1468.0
1408.0
1346.0
1521.0
1437.0
1580.0
1593.0
1703.0
1704.0
1699.0
1701.0
1617.0
1525.0
1435.0
1583.0
1041.0
1091.0
1426.0
1432.0
1472.0
1559.0
1449.0
1430.0
1399.0
1369.0
1351.0
1477.0
1435.0
1486.0
1576.0
1288.0
1291.0
1577.0
1640.0
1777.0
1712.0
1668.0
1705.0
1775.0
1603.0
1536.0
1529.0
1262.0
1679.0
1897.0
1928.0
111.095703125
124.57421875
120.21875
377
361
1
[new]
1001.0
872.0
720.0
677.0
1422.0
1523.0
1609.0
1606.0
1224.0
1455.0
1585.0
1487.0
1524.0
1729.0
1624.0
1598.0
1750.0
1713.0
1705.0
1560.0
1582.0
1721.0
1488.0
1597.0
1823.0
1658.0
1847.0
1856.0
1868.0
1826.0
1886.0
1612.0
1475.0
1564.0
1370.0
1169.0
1290.0
1266.0
1305.0
1306.0
1545.0
1648.0
1600.0
1689.0
1677.0
1598.0
1831.0
1584.0
1606.0
1551.0
1756.0
1524.0
1656.0
1840.0
1558.0
1141.0
1463.0
1272.0
1521.0
1583.0
1887.0
1736.0
1628.0
1509.0
125.876953125
129.671875
130.735351562
284
354
1
[new]
259.0
231.0
230.0
241.0
262.0
272.0
281.0
252.0
221.0
208.0
181.0
200.0
260.0
269.0
264.0
302.0
325.0
369.0
300.0
339.0
298.0
317.0
408.0
576.0
650.0
639.0
643.0
741.0
690.0
661.0
637.0
709.0
344.0
323.0
286.0
256.0
267.0
298.0
308.0
297.0
327.0
328.0
340.0
333.0
373.0
417.0
378.0
392.0
442.0
428.0
392.0
303.0
406.0
384.0
349.0
422.0
423.0
445.0
385.0
423.0
435.0
521.0
596.0
614.0
8.1943359375
14.775390625
13.791015625
893
195
0
[new]
1076.0
1900.0
2156.0
1970.0
1855.0
1432.0
1145.0
1206.0
1412.0
1337.0
1304.0
1478.0
1244.0
1354.0
1465.0
1162.0
1560.0
1551.0
1397.0
1261.0
1394.0
1428.0
1466.0
1646.0
1637.0
1761.0
1682.0
1683.0
1532.0
1543.0
1455.0
1323.0
1460.0
1008.0
1012.0
1215.0
1299.0
1491.0
1468.0
1249.0
1378.0
1409.0
1391.0
1430.0
1338.0
1393.0
1584.0
1579.0
1282.0
1443.0
1516.0
1646.0
1801.0
1769.0
1798.0
1708.0
1750.0
1679.0
1465.0
1401.0
1300.0
1675.0
1913.0
1965.0
109.921875
122.772460938
122.111328125
674
214
1
[new]
2001.0
2001.0
1853.0
1684.0
1692.0
1607.0
1374.0
1152.0
1367.0
1127.0
1267.0
1141.0
1165.0
1285.0
1217.0
1215.0
1550.0
1137.0
1119.0
1072.0
1323.0
1408.0
1483.0
1655.0
1501.0
1366.0
1264.0
1389.0
1160.0
1102.0
1195.0
1134.0
1309.0
1442.0
1180.0
1154.0
1217.0
1227.0
1470.0
1029.0
1283.0
1212.0
1169.0
1384.0
1373.0
1206.0
1320.0
1216.0
1280.0
1714.0
1530.0
1538.0
1616.0
1273.0
1536.0
1512.0
1480.0
1504.0
1631.0
1276.0
1176.0
1413.0
1559.0
1777.0
102.498046875
119.384765625
117.749023438
1199
639
0
[new]
824.0
2140.0
2126.0
1902.0
1868.0
1183.0
1194.0
1216.0
1452.0
1181.0
1225.0
1390.0
1371.0
1399.0
1473.0
1367.0
1585.0
1505.0
1358.0
1415.0
1280.0
1563.0
1485.0
1573.0
1593.0
1807.0
1607.0
1414.0
1570.0
1446.0
1384.0
1297.0
1535.0
1197.0
1311.0
1224.0
1423.0
1394.0
1362.0
1282.0
1026.0
1363.0
1369.0
1405.0
1443.0
1365.0
1366.0
1462.0
1593.0
1425.0
1457.0
1757.0
1698.0
1749.0
1737.0
1779.0
1581.0
1621.0
1534.0
1235.0
1155.0
1560.0
1935.0
1850.0
108.018554688
122.026367188
120.94140625
452
10
1
[new]
1875.0
2123.0
2073.0
1896.0
1763.0
1353.0
1431.0
1315.0
1298.0
1318.0
1410.0
1370.0
1303.0
1266.0
1246.0
1508.0
1485.0
1106.0
1242.0
1444.0
1310.0
1606.0
1709.0
1827.0
1523.0
1637.0
1455.0
1495.0
1298.0
1260.0
1050.0
1008.0
1488.0
1334.0
1143.0
1461.0
1459.0
1389.0
1458.0
1128.0
1330.0
1348.0
1175.0
1344.0
1598.0
1302.0
1148.0
1449.0
1488.0
1616.0
1664.0
1708.0
1622.0
1544.0
1607.0
1759.0
1536.0
1473.0
1683.0
1431.0
1282.0
1502.0
1631.0
1903.0
108.796875
124.470703125
122.319335938
962
324
0
[new]
1432.0
1934.0
2178.0
2032.0
1860.0
1468.0
1179.0
1221.0
1369.0
1293.0
1312.0
1398.0
1300.0
1282.0
1448.0
1399.0
1715.0
1441.0
1364.0
1324.0
1253.0
1491.0
1540.0
1614.0
1546.0
1637.0
1584.0
1446.0
1336.0
1463.0
1274.0
1056.0
1517.0
1297.0
1051.0
1344.0
1588.0
1359.0
1551.0
1198.0
1340.0
1256.0
1155.0
1286.0
1276.0
1688.0
1303.0
1355.0
1079.0
1454.0
1760.0
1595.0
1696.0
1739.0
1614.0
1886.0
1647.0
1502.0
1558.0
1470.0
1281.0
1586.0
1846.0
1912.0
110.038085938
124.890625
122.288085938
221
417
0
[new]
1377.0
2041.0
2089.0
1959.0
1810.0
1495.0
1197.0
1104.0
1394.0
1189.0
1324.0
1081.0
1216.0
1323.0
1137.0
1309.0
1599.0
1474.0
1396.0
1399.0
1379.0
1492.0
1405.0
1503.0
1652.0
1696.0
1506.0
1544.0
1476.0
1497.0
1405.0
1310.0
1492.0
1217.0
913.0
1219.0
1506.0
1303.0
1507.0
1273.0
1370.0
1326.0
1409.0
1310.0
1404.0
1529.0
1430.0
1381.0
1306.0
1372.0
1478.0
1741.0
1605.0
1611.0
1589.0
1875.0
1581.0
1500.0
1516.0
1433.0
1296.0
1705.0
1763.0
1818.0
109.119140625
124.170898438
121.692382812
593
33
1
[new]
1508.0
1379.0
1287.0
1086.0
1045.0
1133.0
1176.0
1204.0
1048.0
1191.0
1148.0
1133.0
1115.0
1198.0
1021.0
1018.0
1231.0
1389.0
1262.0
1145.0
1316.0
1222.0
1038.0
1040.0
1263.0
1309.0
1247.0
1091.0
1239.0
1509.0
1832.0
1890.0
1858.0
1701.0
1886.0
1674.0
1656.0
1167.0
1403.0
969.0
1082.0
1255.0
1345.0
1133.0
1099.0
1160.0
1352.0
1475.0
1212.0
990.0
988.0
806.0
987.0
1073.0
1109.0
1051.0
952.0
1090.0
1202.0
1365.0
1375.0
1290.0
975.0
1033.0
73.96484375
78.2978515625
68.61328125
524
174
0
[new]
919.0
1698.0
2166.0
2003.0
1903.0
1442.0
1152.0
1268.0
1327.0
1212.0
1216.0
1348.0
1415.0
1343.0
1491.0
1596.0
1511.0
1550.0
1436.0
1402.0
1313.0
1482.0
1474.0
1512.0
1655.0
1731.0
1399.0
1668.0
1632.0
1325.0
1186.0
1308.0
1508.0
972.0
979.0
1236.0
1443.0
1328.0
1403.0
1452.0
1539.0
1430.0
1356.0
1230.0
1182.0
1586.0
1534.0
1354.0
1261.0
1452.0
1476.0
1794.0
1559.0
1645.0
1618.0
1527.0
1651.0
1686.0
1547.0
1508.0
1318.0
1729.0
1806.0
1974.0
114.806640625
126.227539062
119.189453125
92
546
1
[new]
935.0
690.0
629.0
860.0
1488.0
1403.0
1522.0
1555.0
1172.0
1404.0
1621.0
1668.0
1626.0
1581.0
1677.0
1732.0
1636.0
1894.0
1556.0
1558.0
1644.0
1634.0
1518.0
1501.0
1847.0
1511.0
1836.0
1506.0
1831.0
1700.0
1713.0
1653.0
1450.0
1558.0
1346.0
1290.0
1175.0
1218.0
1365.0
1217.0
1596.0
1654.0
1453.0
1502.0
1540.0
1463.0
1584.0
1532.0
1639.0
1717.0
1780.0
1516.0
1685.0
1744.0
1573.0
1364.0
1416.0
1270.0
1338.0
1418.0
1880.0
1781.0
1596.0
1441.0
121.109375
124.943359375
125.6328125
26
534
1
[new]
881.0
675.0
613.0
1115.0
1487.0
1308.0
1458.0
1451.0
1256.0
1286.0
1563.0
1627.0
1548.0
1550.0
1821.0
1546.0
1799.0
1891.0
1750.0
1582.0
1851.0
1684.0
1324.0
1410.0
1740.0
1535.0
1936.0
1751.0
1882.0
1977.0
1779.0
1637.0
1415.0
1473.0
1290.0
1197.0
1112.0
1166.0
1206.0
1180.0
1543.0
1667.0
1482.0
1571.0
1699.0
1668.0
1894.0
1622.0
1732.0
1654.0
1627.0
1600.0
1636.0
1758.0
1533.0
1325.0
1581.0
1247.0
1366.0
1584.0
1890.0
1701.0
1856.0
1438.0
122.203125
126.962890625
127.849609375
350
426
1
[new]
906.0
769.0
643.0
1151.0
1457.0
1472.0
1557.0
1547.0
1203.0
1362.0
1537.0
1609.0
1497.0
1517.0
1517.0
1651.0
1630.0
1782.0
1743.0
1461.0
1560.0
1571.0
1524.0
1503.0
1716.0
1695.0
1846.0
1586.0
1841.0
1671.0
1666.0
1638.0
1464.0
1584.0
1361.0
1144.0
1243.0
1213.0
1319.0
1183.0
1483.0
1666.0
1458.0
1653.0
1587.0
1463.0
1723.0
1364.0
1454.0
1527.0
1687.0
1557.0
1669.0
1886.0
1503.0
1229.0
1481.0
1247.0
1424.0
1640.0
1835.0
1674.0
1663.0
1444.0
124.42578125
127.64453125
123.487304688
101
537
1
[new]
841.0
818.0
726.0
1112.0
1514.0
1406.0
1564.0
1525.0
1245.0
1321.0
1498.0
1591.0
1576.0
1621.0
1720.0
1640.0
1663.0
1905.0
1771.0
1561.0
1641.0
1641.0
1409.0
1356.0
1620.0
1671.0
1517.0
1483.0
1639.0
1699.0
1631.0
1694.0
1481.0
1554.0
1447.0
1298.0
1232.0
1349.0
1215.0
1374.0
1551.0
1596.0
1473.0
1531.0
1701.0
1650.0
1680.0
1447.0
1587.0
1332.0
1404.0
1276.0
1478.0
1608.0
1507.0
1377.0
1490.0
1229.0
1304.0
1690.0
1855.0
1821.0
1635.0
1447.0
120.251953125
125.690429688
125.516601562
710
150
0
[new]
1921.0
2107.0
1999.0
1900.0
1776.0
1453.0
1325.0
1106.0
1287.0
1253.0
1375.0
1172.0
1358.0
1341.0
1297.0
1431.0
1513.0
1264.0
1302.0
1322.0
1402.0
1675.0
1364.0
1572.0
1484.0
1598.0
1523.0
1579.0
1225.0
1230.0
1270.0
1424.0
1496.0
1170.0
1006.0
1522.0
1504.0
1383.0
1612.0
1172.0
1204.0
1582.0
1546.0
1296.0
1183.0
1511.0
1456.0
1398.0
1146.0
1224.0
1581.0
1677.0
1625.0
1575.0
1574.0
1565.0
1566.0
1422.0
1577.0
1654.0
1473.0
1649.0
1753.0
1746.0
101.51953125
115.73046875
114.245117188
287
489
0
[new]
958.0
1842.0
2253.0
1951.0
1798.0
1396.0
1252.0
1149.0
1326.0
1214.0
1350.0
1281.0
1189.0
1267.0
1399.0
1495.0
1548.0
1405.0
1483.0
1345.0
1168.0
1434.0
1472.0
1508.0
1585.0
1788.0
1784.0
1853.0
1647.0
1499.0
1362.0
1367.0
1568.0
1042.0
1020.0
1317.0
1692.0
1244.0
1497.0
1451.0
1359.0
1334.0
1250.0
1414.0
1393.0
1453.0
1521.0
1454.0
1216.0
1270.0
1511.0
1599.0
1695.0
1764.0
1627.0
1637.0
1590.0
1676.0
1491.0
1485.0
1337.0
1665.0
1931.0
1865.0
115.990234375
123.375976562
117.653320312
191
547
1
[new]
924.0
840.0
592.0
880.0
1544.0
1427.0
1575.0
1525.0
1166.0
1358.0
1536.0
1612.0
1677.0
1553.0
1517.0
1682.0
1821.0
1680.0
1785.0
1681.0
1704.0
1664.0
1571.0
1379.0
1627.0
1702.0
1882.0
1719.0
1965.0
1891.0
1895.0
1902.0
1388.0
1552.0
1324.0
1316.0
1292.0
1218.0
1332.0
1477.0
1514.0
1678.0
1566.0
1579.0
1603.0
1759.0
1890.0
1674.0
1692.0
1798.0
1667.0
1579.0
1647.0
1711.0
1480.0
1508.0
1502.0
1315.0
1320.0
1602.0
1700.0
1508.0
1581.0
1504.0
123.951171875
127.274414062
126.361328125
32
666
0
[new]
784.0
1470.0
1956.0
1863.0
1894.0
1356.0
1192.0
1172.0
1474.0
1409.0
1280.0
1583.0
1393.0
1485.0
1641.0
1615.0
1597.0
1457.0
1385.0
1396.0
1351.0
1526.0
1613.0
1538.0
1567.0
1478.0
1399.0
1216.0
1310.0
1144.0
1238.0
1106.0
1498.0
1167.0
946.0
1285.0
1216.0
1436.0
1338.0
1131.0
1334.0
1047.0
1066.0
1211.0
1576.0
1581.0
1397.0
1110.0
1268.0
1464.0
1563.0
1502.0
1814.0
1719.0
1683.0
1407.0
1624.0
1547.0
1512.0
1627.0
1411.0
1608.0
1898.0
1902.0
117.240234375
135.500976562
128.44140625
35
603
0
[new]
747.0
1193.0
1866.0
2042.0
1961.0
1339.0
1122.0
1244.0
1454.0
1331.0
1343.0
1290.0
1303.0
1429.0
1533.0
1423.0
1467.0
1628.0
1534.0
1363.0
1310.0
1656.0
1695.0
1694.0
1661.0
1844.0
1783.0
1616.0
1680.0
1735.0
1360.0
1393.0
1468.0
1070.0
1346.0
1394.0
1457.0
1309.0
1321.0
1365.0
1221.0
1444.0
1592.0
1540.0
1366.0
1421.0
1409.0
1470.0
1478.0
1289.0
1330.0
1416.0
1771.0
1856.0
1750.0
1640.0
1782.0
1610.0
1589.0
1563.0
1316.0
1586.0
1955.0
1915.0
114.750976562
124.186523438
123.017578125
611
127
1
[new]
1030.0
821.0
735.0
930.0
1639.0
1443.0
1595.0
1520.0
1196.0
1408.0
1516.0
1622.0
1708.0
1727.0
1670.0
1634.0
1700.0
1753.0
1700.0
1596.0
1650.0
1645.0
1500.0
1493.0
1778.0
1446.0
1830.0
1620.0
1714.0
1697.0
1730.0
1857.0
1512.0
1611.0
1378.0
1225.0
1279.0
1261.0
1343.0
1314.0
1498.0
1683.0
1427.0
1486.0
1526.0
1469.0
1713.0
1455.0
1553.0
1683.0
1777.0
1530.0
1731.0
1744.0
1595.0
1342.0
1514.0
1301.0
1376.0
1719.0
1896.0
1766.0
1734.0
1462.0
121.981445312
126.3984375
126.327148438
653
15
1
[new]
303.0
282.0
265.0
264.0
270.0
296.0
293.0
259.0
233.0
226.0
209.0
213.0
239.0
250.0
264.0
290.0
299.0
346.0
357.0
389.0
328.0
340.0
327.0
386.0
446.0
454.0
439.0
562.0
549.0
527.0
526.0
554.0
361.0
342.0
314.0
285.0
269.0
247.0
191.0
133.0
162.0
188.0
183.0
195.0
265.0
317.0
349.0
376.0
420.0
362.0
331.0
344.0
391.0
320.0
366.0
347.0
335.0
419.0
397.0
465.0
493.0
557.0
610.0
651.0
9.1416015625
12.2216796875
11.5888671875
827
129
1
[new]
966.0
822.0
591.0
999.0
1558.0
1412.0
1555.0
1562.0
1200.0
1365.0
1532.0
1633.0
1697.0
1728.0
1893.0
1795.0
1616.0
1785.0
1611.0
1644.0
1737.0
1669.0
1309.0
1372.0
1640.0
1548.0
1911.0
1807.0
1969.0
1887.0
1873.0
1898.0
1388.0
1387.0
1417.0
1147.0
1291.0
1208.0
1400.0
1369.0
1578.0
1590.0
1568.0
1650.0
1661.0
1758.0
1734.0
1691.0
1656.0
1791.0
1654.0
1659.0
1782.0
1871.0
1562.0
1380.0
1366.0
1352.0
1315.0
1672.0
1772.0
1697.0
1654.0
1564.0
125.290039062
128.71875
128.211914062
218
558
0
[new]
956.0
822.0
703.0
900.0
1269.0
1512.0
1628.0
1610.0
1147.0
1343.0
1628.0
1528.0
1526.0
1572.0
1518.0
1656.0
1656.0
1918.0
1762.0
1619.0
1622.0
1643.0
1592.0
1545.0
1783.0
1577.0
1863.0
1757.0
1765.0
1763.0
1695.0
1730.0
1419.0
1596.0
1399.0
1309.0
1296.0
1330.0
1260.0
1222.0
1394.0
1497.0
1473.0
1573.0
1619.0
1533.0
1863.0
1670.0
1620.0
1784.0
1722.0
1631.0
1702.0
1844.0
1471.0
1126.0
1376.0
1268.0
1340.0
1775.0
1660.0
1831.0
1582.0
1423.0
124.934570312
127.161132812
128.258789062
1136
576
1
[new]
2025.0
2137.0
1938.0
1857.0
1724.0
1533.0
1263.0
1111.0
1192.0
1279.0
1325.0
1105.0
1272.0
1286.0
1236.0
1429.0
1419.0
1164.0
1405.0
1356.0
1282.0
1472.0
1382.0
1425.0
1447.0
1478.0
1447.0
1518.0
1079.0
1131.0
1106.0
1255.0
1423.0
1352.0
1196.0
1256.0
1213.0
1285.0
1265.0
1430.0
1204.0
1284.0
1057.0
1184.0
1424.0
1224.0
1361.0
1519.0
1266.0
1448.0
1699.0
1592.0
1722.0
1464.0
1602.0
1704.0
1335.0
1231.0
1652.0
1343.0
1328.0
1535.0
1777.0
1703.0
103.560546875
119.913085938
117.509765625
89
471
0
[new]
925.0
901.0
871.0
926.0
992.0
1068.0
1079.0
955.0
828.0
812.0
872.0
1016.0
931.0
967.0
1204.0
1124.0
1141.0
994.0
940.0
1167.0
1127.0
1154.0
1128.0
1229.0
1165.0
1123.0
1051.0
1293.0
1130.0
1221.0
1066.0
978.0
1270.0
1144.0
1086.0
983.0
1029.0
873.0
928.0
718.0
695.0
761.0
828.0
754.0
860.0
832.0
1226.0
1269.0
1012.0
1095.0
1209.0
931.0
814.0
630.0
819.0
1300.0
1211.0
1265.0
1348.0
1216.0
1407.0
1312.0
1194.0
1359.0
42.2490234375
48.865234375
42.7509765625
467
231
1
[new]
857.0
855.0
679.0
782.0
1358.0
1412.0
1553.0
1526.0
1081.0
1388.0
1625.0
1500.0
1681.0
1545.0
1846.0
1550.0
1738.0
1815.0
1844.0
1819.0
1630.0
1715.0
1414.0
1459.0
1508.0
1623.0
1874.0
1696.0
1903.0
1837.0
1897.0
1899.0
1364.0
1461.0
1360.0
1231.0
1246.0
1258.0
1318.0
1245.0
1518.0
1642.0
1569.0
1520.0
1673.0
1721.0
1850.0
1644.0
1693.0
1774.0
1712.0
1494.0
1661.0
1639.0
1525.0
1398.0
1342.0
1281.0
1457.0
1526.0
1847.0
1705.0
1809.0
1426.0
123.124023438
127.387695312
126.51171875
1079
441
0
[new]
2113.0
2096.0
1968.0
1795.0
1768.0
1511.0
1126.0
1233.0
1376.0
1144.0
1470.0
1189.0
1189.0
1165.0
1153.0
1331.0
1437.0
1160.0
1215.0
1343.0
1285.0
1552.0
1621.0
1637.0
1487.0
1586.0
1321.0
1505.0
1043.0
1094.0
1084.0
1001.0
1376.0
1404.0
1127.0
1566.0
1293.0
1420.0
1215.0
1243.0
1294.0
1228.0
1185.0
1329.0
1503.0
1403.0
1197.0
1325.0
1358.0
1500.0
1685.0
1584.0
1666.0
1432.0
1400.0
1662.0
1315.0
1439.0
1639.0
1121.0
1239.0
1515.0
1647.0
1688.0
106.110351562
121.946289062
119.928710938
1148
510
0
[new]
969.0
771.0
598.0
812.0
1512.0
1466.0
1561.0
1554.0
1177.0
1369.0
1555.0
1676.0
1591.0
1653.0
1771.0
1646.0
1848.0
1745.0
1807.0
1659.0
1645.0
1505.0
1556.0
1376.0
1644.0
1709.0
1792.0
1702.0
1774.0
1900.0
1939.0
1919.0
1407.0
1459.0
1346.0
1306.0
1177.0
1320.0
1262.0
1316.0
1514.0
1674.0
1491.0
1596.0
1656.0
1672.0
1845.0
1692.0
1621.0
1736.0
1720.0
1515.0
1576.0
1711.0
1427.0
1578.0
1353.0
1238.0
1519.0
1678.0
1900.0
1799.0
1683.0
1414.0
123.499023438
127.250976562
127.28515625
893
255
0
[new]
987.0
810.0
711.0
886.0
1527.0
1421.0
1657.0
1522.0
1244.0
1402.0
1634.0
1531.0
1661.0
1575.0
1763.0
1602.0
1729.0
1769.0
1830.0
1600.0
1662.0
1637.0
1558.0
1385.0
1567.0
1669.0
1817.0
1837.0
1945.0
1906.0
1885.0
1924.0
1384.0
1595.0
1292.0
1241.0
1256.0
1253.0
1223.0
1401.0
1544.0
1655.0
1580.0
1593.0
1717.0
1565.0
1912.0
1671.0
1685.0
1691.0
1716.0
1519.0
1750.0
1606.0
1434.0
1328.0
1500.0
1307.0
1426.0
1635.0
1845.0
1740.0
1929.0
1660.0
123.860351562
127.35546875
127.17578125
155
483
0
[new]
788.0
2101.0
2111.0
2027.0
1929.0
1400.0
1186.0
1073.0
1373.0
1305.0
1179.0
1294.0
1525.0
1309.0
1449.0
1405.0
1436.0
1420.0
1407.0
1298.0
1330.0
1393.0
1387.0
1601.0
1628.0
1678.0
1663.0
1773.0
1692.0
1574.0
1566.0
1600.0
1443.0
1202.0
1112.0
1438.0
1357.0
1388.0
1426.0
1313.0
1388.0
1404.0
1234.0
1352.0
1381.0
1500.0
1507.0
1567.0
1427.0
1287.0
1616.0
1626.0
1806.0
1741.0
1683.0
1758.0
1673.0
1660.0
1499.0
1384.0
1302.0
1598.0
1853.0
1975.0
110.859375
123.540039062
121.125
1043
583
1
[new]
740.0
1029.0
2066.0
1881.0
1674.0
1305.0
1267.0
1297.0
1443.0
1401.0
1379.0
1338.0
1349.0
1483.0
1334.0
1466.0
1646.0
1674.0
1499.0
1399.0
1314.0
1379.0
1637.0
1571.0
1680.0
1802.0
1730.0
1416.0
1673.0
1741.0
1495.0
1464.0
1393.0
1108.0
1443.0
1175.0
1353.0
1133.0
1318.0
1305.0
1222.0
1448.0
1593.0
1539.0
1313.0
1332.0
1371.0
1391.0
1465.0
1606.0
1423.0
1490.0
1849.0
1823.0
1589.0
1657.0
1664.0
1695.0
1396.0
1522.0
1362.0
1885.0
1969.0
1740.0
112.875
127.204101562
123.762695312
428
310
1
[new]
1801.0
2202.0
2118.0
1961.0
1827.0
1421.0
1078.0
1344.0
1395.0
1229.0
1325.0
1145.0
1353.0
1330.0
1240.0
1361.0
1638.0
1280.0
1312.0
1247.0
1397.0
1437.0
1466.0
1559.0
1627.0
1793.0
1459.0
1637.0
1446.0
1542.0
1558.0
1435.0
1626.0
1168.0
1098.0
1708.0
1580.0
1303.0
1423.0
1321.0
1505.0
1524.0
1334.0
1348.0
1429.0
1564.0
1444.0
1170.0
1293.0
1466.0
1452.0
1816.0
1646.0
1601.0
1699.0
1783.0
1640.0
1438.0
1566.0
1499.0
1289.0
1612.0
1749.0
1869.0
107.6796875
122.672851562
120.837890625
338
438
1
[new]
270.0
245.0
269.0
281.0
281.0
306.0
319.0
277.0
241.0
225.0
260.0
290.0
276.0
302.0
353.0
371.0
382.0
362.0
343.0
317.0
323.0
461.0
599.0
605.0
643.0
624.0
529.0
630.0
558.0
488.0
512.0
554.0
355.0
317.0
285.0
273.0
277.0
251.0
206.0
156.0
222.0
363.0
387.0
322.0
294.0
284.0
293.0
337.0
354.0
355.0
425.0
457.0
482.0
464.0
455.0
553.0
532.0
540.0
488.0
480.0
477.0
548.0
588.0
676.0
8.642578125
14.6728515625
14.1953125
545
55
1
[new]
908.0
866.0
621.0
934.0
1371.0
1480.0
1550.0
1539.0
1239.0
1352.0
1612.0
1657.0
1692.0
1666.0
1763.0
1716.0
1766.0
1759.0
1760.0
1643.0
1639.0
1632.0
1596.0
1393.0
1612.0
1759.0
1792.0
1740.0
1970.0
1824.0
1935.0
1918.0
1394.0
1553.0
1437.0
1316.0
1207.0
1331.0
1335.0
1394.0
1426.0
1647.0
1566.0
1609.0
1581.0
1774.0
1872.0
1517.0
1666.0
1772.0
1737.0
1475.0
1670.0
1690.0
1586.0
1429.0
1442.0
1307.0
1382.0
1729.0
1895.0
1710.0
1570.0
1685.0
123.734375
127.229492188
127.03125
524
114
0
[new]
1441.0
1407.0
1247.0
1088.0
1013.0
1074.0
1239.0
1295.0
1105.0
1222.0
1041.0
1287.0
1091.0
1124.0
1145.0
1282.0
1335.0
1195.0
1514.0
1298.0
1286.0
1179.0
1249.0
1085.0
1187.0
1143.0
1076.0
1324.0
1491.0
1369.0
1546.0
1652.0
1740.0
1883.0
1699.0
1646.0
1538.0
1168.0
1213.0
708.0
733.0
725.0
801.0
1211.0
1311.0
1205.0
1165.0
1395.0
1372.0
1427.0
1436.0
1276.0
1301.0
1097.0
1050.0
1314.0
1371.0
1236.0
1185.0
1336.0
1463.0
977.0
988.0
1060.0
72.9521484375
77.8046875
69.2080078125
125
475
1
[new]
275.0
278.0
249.0
269.0
279.0
282.0
304.0
249.0
226.0
215.0
202.0
211.0
242.0
244.0
258.0
293.0
318.0
345.0
343.0
394.0
342.0
345.0
300.0
306.0
461.0
479.0
554.0
701.0
647.0
615.0
599.0
665.0
336.0
329.0
300.0
287.0
282.0
241.0
203.0
211.0
259.0
306.0
288.0
309.0
340.0
340.0
381.0
379.0
404.0
361.0
294.0
324.0
354.0
296.0
335.0
367.0
381.0
409.0
414.0
471.0
465.0
556.0
602.0
666.0
9.2529296875
13.068359375
12.146484375
773
75
0
[new]
982.0
805.0
593.0
1016.0
1516.0
1428.0
1661.0
1528.0
1208.0
1378.0
1481.0
1533.0
1555.0
1635.0
1638.0
1644.0
1668.0
1950.0
1776.0
1566.0
1756.0
1532.0
1435.0
1483.0
1735.0
1803.0
1890.0
1594.0
1763.0
1734.0
1662.0
1689.0
1403.0
1549.0
1343.0
1217.0
1173.0
1246.0
1238.0
1293.0
1590.0
1664.0
1542.0
1543.0
1596.0
1606.0
1683.0
1426.0
1580.0
1647.0
1777.0
1484.0
1701.0
1717.0
1575.0
1358.0
1507.0
1287.0
1252.0
1664.0
1863.0
1851.0
1825.0
1437.0
121.852539062
125.859375
126.296875
164
612
1
[new]
739.0
1874.0
2260.0
2074.0
1897.0
1296.0
1221.0
1202.0
1451.0
1188.0
1271.0
1189.0
1330.0
1409.0
1565.0
1400.0
1545.0
1550.0
1477.0
1514.0
1325.0
1597.0
1539.0
1555.0
1599.0
1765.0
1779.0
1515.0
1452.0
1561.0
1606.0
1385.0
1559.0
1150.0
1285.0
1302.0
1601.0
1293.0
1495.0
1245.0
1268.0
1484.0
1529.0
1361.0
1561.0
1335.0
1267.0
1474.0
1592.0
1415.0
1348.0
1672.0
1711.0
1789.0
1682.0
1738.0
1591.0
1665.0
1520.0
1470.0
1263.0
1613.0
1977.0
1875.0
110.520507812
122.0078125
120.961914062
836
40
1
[new]
871.0
1622.0
2063.0
2061.0
1854.0
1369.0
1079.0
1256.0
1392.0
1403.0
1264.0
1258.0
1312.0
1351.0
1345.0
1380.0
1520.0
1471.0
1437.0
1606.0
1348.0
1518.0
1521.0
1589.0
1639.0
1780.0
1599.0
1514.0
1579.0
1450.0
1573.0
1299.0
1495.0
1110.0
1178.0
1072.0
1385.0
1290.0
1178.0
1342.0
1222.0
1475.0
1550.0
1432.0
1462.0
1390.0
1417.0
1397.0
1492.0
1309.0
1437.0
1712.0
1679.0
1764.0
1615.0
1945.0
1696.0
1551.0
1425.0
1462.0
1372.0
1694.0
1934.0
1841.0
111.400390625
124.307617188
123.400390625
1184
610
1
[new]
1324.0
2086.0
2145.0
2040.0
1855.0
1408.0
1135.0
1256.0
1265.0
1241.0
1378.0
1098.0
1268.0
1262.0
1383.0
1466.0
1600.0
1496.0
1395.0
1373.0
1419.0
1487.0
1501.0
1474.0
1651.0
1832.0
1554.0
1628.0
1474.0
1429.0
1318.0
1412.0
1572.0
1095.0
1039.0
1355.0
1579.0
1396.0
1555.0
1374.0
1378.0
1339.0
1322.0
1262.0
1323.0
1516.0
1446.0
1191.0
1487.0
1441.0
1570.0
1708.0
1700.0
1650.0
1681.0
1815.0
1618.0
1615.0
1583.0
1410.0
1398.0
1574.0
1761.0
1900.0
109.038085938
124.294921875
122.008789062
776
216
1
[new]
768.0
609.0
725.0
1219.0
1655.0
1291.0
1345.0
1376.0
1110.0
1305.0
1618.0
1550.0
1616.0
1623.0
1639.0
1520.0
1591.0
1825.0
1662.0
1438.0
1518.0
1551.0
1468.0
1386.0
1649.0
1646.0
1930.0
1681.0
1568.0
1667.0
1477.0
1456.0
1424.0
1341.0
1260.0
1144.0
1081.0
1264.0
1265.0
1344.0
1440.0
1514.0
1448.0
1479.0
1361.0
1331.0
1425.0
1365.0
1544.0
1650.0
1674.0
1530.0
1566.0
1742.0
1342.0
1504.0
1395.0
1239.0
1310.0
1719.0
1785.0
1665.0
1804.0
1527.0
119.071289062
120.975585938
115.817382812
89
609
1
[new]
1536.0
2150.0
2131.0
2033.0
1827.0
1650.0
1077.0
1286.0
1401.0
1332.0
1341.0
1366.0
1301.0
1373.0
1368.0
1355.0
1563.0
1486.0
1435.0
1326.0
1414.0
1559.0
1426.0
1546.0
1686.0
1661.0
1455.0
1542.0
1414.0
1463.0
1381.0
1478.0
1653.0
1278.0
1124.0
1348.0
1483.0
1329.0
1403.0
1420.0
1514.0
1490.0
1466.0
1407.0
1284.0
1375.0
1430.0
1427.0
1633.0
1553.0
1646.0
1698.0
1675.0
1501.0
1574.0
1745.0
1665.0
1538.0
1497.0
1489.0
1306.0
1631.0
1861.0
1919.0
108.798828125
121.142578125
120.954101562
644
6
1
[new]
1040.0
870.0
681.0
793.0
1468.0
1420.0
1566.0
1567.0
1202.0
1375.0
1638.0
1595.0
1471.0
1639.0
1799.0
1662.0
1703.0
1985.0
1795.0
1797.0
1664.0
1680.0
1514.0
1465.0
1524.0
1602.0
1683.0
1544.0
1760.0
1732.0
1744.0
1602.0
1404.0
1568.0
1331.0
1345.0
1243.0
1228.0
1364.0
1570.0
1531.0
1651.0
1484.0
1581.0
1760.0
1689.0
1637.0
1453.0
1606.0
1545.0
1532.0
1418.0
1455.0
1774.0
1434.0
1284.0
1463.0
1268.0
1518.0
1636.0
1853.0
1551.0
1840.0
1564.0
123.002929688
127.318359375
127.62109375
158
402
0
[new]
270.0
260.0
250.0
248.0
266.0
287.0
271.0
255.0
241.0
213.0
241.0
274.0
250.0
266.0
306.0
344.0
337.0
356.0
312.0
399.0
467.0
526.0
503.0
559.0
544.0
535.0
463.0
546.0
537.0
530.0
524.0
558.0
331.0
319.0
292.0
271.0
275.0
259.0
231.0
181.0
204.0
236.0
188.0
257.0
276.0
335.0
356.0
342.0
393.0
401.0
482.0
454.0
436.0
425.0
469.0
422.0
451.0
513.0
461.0
448.0
464.0
546.0
570.0
650.0
6.9345703125
14.2900390625
14.806640625
893
195
1
[new]
1245.0
2127.0
2123.0
2088.0
1840.0
1509.0
1211.0
1191.0
1403.0
1260.0
1207.0
1512.0
1153.0
1367.0
1412.0
1346.0
1594.0
1546.0
1429.0
1306.0
1394.0
1394.0
1468.0
1700.0
1718.0
1769.0
1493.0
1766.0
1603.0
1573.0
1617.0
1383.0
1575.0
1248.0
1231.0
1053.0
1391.0
1452.0
1554.0
1284.0
1424.0
1402.0
1354.0
1376.0
1370.0
1582.0
1509.0
1539.0
1380.0
1377.0
1648.0
1723.0
1854.0
1755.0
1689.0
1880.0
1767.0
1686.0
1540.0
1426.0
1305.0
1550.0
1931.0
1892.0
110.427734375
122.58984375
121.043945312
860
400
1
[new]
883.0
789.0
582.0
1161.0
1476.0
1389.0
1559.0
1528.0
1226.0
1433.0
1505.0
1466.0
1643.0
1635.0
1575.0
1605.0
1659.0
1850.0
1601.0
1626.0
1602.0
1614.0
1444.0
1488.0
1725.0
1661.0
1890.0
1756.0
1899.0
1984.0
1858.0
1808.0
1356.0
1535.0
1395.0
1118.0
1210.0
1298.0
1273.0
1389.0
1559.0
1616.0
1587.0
1645.0
1708.0
1605.0
1796.0
1679.0
1619.0
1709.0
1744.0
1473.0
1657.0
1791.0
1490.0
1058.0
1461.0
1374.0
1390.0
1712.0
1837.0
1732.0
1652.0
1452.0
123.61328125
127.649414062
128.546875
767
207
1
[new]
266.0
247.0
239.0
237.0
272.0
285.0
290.0
265.0
246.0
215.0
201.0
199.0
253.0
283.0
261.0
318.0
335.0
373.0
329.0
349.0
291.0
307.0
366.0
567.0
643.0
641.0
662.0
756.0
681.0
651.0
628.0
672.0
338.0
325.0
298.0
272.0
267.0
290.0
293.0
282.0
319.0
352.0
330.0
333.0
387.0
391.0
382.0
424.0
455.0
441.0
396.0
349.0
396.0
390.0
352.0
448.0
436.0
436.0
363.0
425.0
439.0
519.0
590.0
610.0
8.068359375
15.0380859375
13.787109375
707
9
0
[new]
1668.0
2187.0
2141.0
1980.0
1784.0
1463.0
1165.0
1139.0
1313.0
1303.0
1123.0
1356.0
1311.0
1331.0
1410.0
1418.0
1505.0
1494.0
1364.0
1323.0
1362.0
1539.0
1479.0
1520.0
1652.0
1765.0
1545.0
1744.0
1479.0
1424.0
1408.0
1355.0
1534.0
1292.0
1030.0
1258.0
1562.0
1401.0
1406.0
1372.0
1441.0
1395.0
1332.0
1279.0
1385.0
1463.0
1390.0
1386.0
1548.0
1496.0
1807.0
1732.0
1641.0
1614.0
1546.0
1790.0
1686.0
1535.0
1692.0
1411.0
1318.0
1580.0
1839.0
1889.0
108.051757812
123.958984375
121.948242188
1145
585
1
[new]
2020.0
1877.0
1791.0
1642.0
1649.0
1625.0
1511.0
1312.0
1094.0
1140.0
1022.0
1124.0
1182.0
1096.0
1212.0
1170.0
1368.0
1070.0
1180.0
1240.0
1002.0
1290.0
1365.0
1218.0
1249.0
1159.0
1159.0
1245.0
1154.0
1229.0
1159.0
1339.0
1085.0
1322.0
1416.0
1556.0
1417.0
1341.0
1530.0
1043.0
1035.0
1107.0
1252.0
1133.0
1103.0
1097.0
1292.0
1497.0
1484.0
1407.0
1327.0
1398.0
1252.0
1222.0
1413.0
1545.0
1332.0
1187.0
1411.0
1385.0
1154.0
1223.0
1326.0
1601.0
98.7138671875
102.263671875
92.0126953125
284
414
1
[new]
276.0
254.0
251.0
252.0
269.0
298.0
315.0
290.0
266.0
225.0
244.0
282.0
264.0
286.0
328.0
347.0
382.0
381.0
371.0
393.0
341.0
436.0
523.0
570.0
566.0
511.0
513.0
620.0
569.0
590.0
585.0
587.0
381.0
357.0
304.0
287.0
285.0
239.0
193.0
216.0
342.0
296.0
259.0
190.0
240.0
260.0
336.0
342.0
390.0
384.0
454.0
453.0
432.0
429.0
449.0
534.0
514.0
565.0
492.0
466.0
477.0
561.0
588.0
670.0
8.7216796875
14.517578125
14.1103515625
368
232
1
[new]
1854.0
2277.0
2025.0
1953.0
1797.0
1601.0
1276.0
1326.0
1369.0
1209.0
1288.0
1145.0
1228.0
1182.0
1451.0
1326.0
1472.0
1326.0
1180.0
1405.0
1436.0
1536.0
1485.0
1647.0
1495.0
1530.0
1408.0
1730.0
1573.0
1485.0
1536.0
1288.0
1529.0
1494.0
1044.0
1564.0
1517.0
1400.0
1530.0
1334.0
1445.0
1423.0
1495.0
1347.0
1369.0
1490.0
1163.0
1287.0
1337.0
1427.0
1536.0
1718.0
1713.0
1560.0
1830.0
1743.0
1634.0
1345.0
1573.0
1535.0
1270.0
1632.0
1724.0
1831.0
106.184570312
117.283203125
115.854492188
407
153
1
[new]
1279.0
2154.0
2045.0
1931.0
1894.0
1273.0
1155.0
1212.0
1330.0
1411.0
1166.0
1409.0
1383.0
1469.0
1404.0
1270.0
1575.0
1346.0
1576.0
1378.0
1498.0
1420.0
1473.0
1443.0
1609.0
1696.0
1512.0
1450.0
1465.0
1569.0
1310.0
1463.0
1507.0
1038.0
1146.0
1367.0
1650.0
1491.0
1486.0
1259.0
1264.0
1386.0
1248.0
1314.0
1368.0
1520.0
1354.0
1546.0
1342.0
1487.0
1559.0
1664.0
1647.0
1624.0
1673.0
1816.0
1696.0
1507.0
1526.0
1417.0
1311.0
1735.0
1865.0
1755.0
107.95703125
119.639648438
119.016601562
1013
375
1
[new]
304.0
264.0
264.0
278.0
277.0
296.0
313.0
283.0
257.0
250.0
278.0
284.0
264.0
285.0
341.0
355.0
382.0
361.0
368.0
338.0
338.0
492.0
628.0
600.0
616.0
595.0
495.0
606.0
546.0
484.0
528.0
593.0
367.0
343.0
313.0
295.0
293.0
271.0
213.0
147.0
234.0
356.0
369.0
309.0
293.0
292.0
284.0
310.0
347.0
367.0
405.0
454.0
480.0
440.0
455.0
537.0
503.0
569.0
502.0
468.0
484.0
576.0
609.0
678.0
8.8388671875
14.42578125
14.365234375
491
109
1
[new]
1090.0
1844.0
2081.0
2028.0
1941.0
1207.0
1110.0
1236.0
1316.0
1268.0
1164.0
1374.0
1394.0
1312.0
1512.0
1352.0
1693.0
1568.0
1468.0
1337.0
1369.0
1609.0
1481.0
1670.0
1656.0
1815.0
1732.0
1701.0
1524.0
1477.0
1484.0
1147.0
1503.0
1131.0
1004.0
1182.0
1584.0
1415.0
1450.0
1375.0
1280.0
1425.0
1324.0
1277.0
1286.0
1255.0
1412.0
1444.0
1649.0
1310.0
1665.0
1611.0
1885.0
1772.0
1738.0
1779.0
1763.0
1723.0
1586.0
1496.0
1270.0
1624.0
1887.0
1855.0
110.334960938
117.389648438
117.763671875
932
196
1
[new]
701.0
1419.0
2044.0
2040.0
1898.0
1381.0
1193.0
1236.0
1276.0
1244.0
1191.0
1461.0
1259.0
1410.0
1686.0
1341.0
1596.0
1654.0
1565.0
1379.0
1371.0
1673.0
1567.0
1588.0
1675.0
1688.0
1645.0
1499.0
1497.0
1371.0
1260.0
1288.0
1505.0
1051.0
1014.0
1225.0
1323.0
1454.0
1275.0
1316.0
1285.0
1169.0
1174.0
1350.0
1398.0
1530.0
1563.0
1525.0
1394.0
1393.0
1692.0
1529.0
1723.0
1833.0
1827.0
1696.0
1580.0
1752.0
1328.0
1478.0
1316.0
1605.0
1866.0
1927.0
113.768554688
124.266601562
122.170898438
1115
379
1
[new]
799.0
1781.0
2177.0
1996.0
1851.0
1311.0
1321.0
1133.0
1370.0
1344.0
1326.0
1216.0
1212.0
1381.0
1367.0
1295.0
1584.0
1577.0
1341.0
1538.0
1343.0
1609.0
1536.0
1711.0
1604.0
1731.0
1777.0
1835.0
1698.0
1490.0
1586.0
1338.0
1437.0
1227.0
1306.0
1449.0
1436.0
1244.0
1578.0
1357.0
1165.0
1416.0
1617.0
1390.0
1402.0
1378.0
1479.0
1603.0
1425.0
1414.0
1426.0
1710.0
1648.0
1786.0
1578.0
1850.0
1518.0
1648.0
1638.0
1328.0
1286.0
1538.0
1968.0
1933.0
109.321289062
122.598632812
121.12890625
818
358
1
[new]
868.0
1548.0
2046.0
2089.0
1812.0
1478.0
1195.0
1133.0
1424.0
1222.0
1174.0
1399.0
1193.0
1402.0
1612.0
1221.0
1579.0
1644.0
1470.0
1351.0
1367.0
1298.0
1410.0
1563.0
1784.0
1628.0
1667.0
1699.0
1648.0
1588.0
1684.0
1231.0
1263.0
1071.0
1128.0
1348.0
1435.0
1161.0
1341.0
1408.0
1411.0
1462.0
1443.0
1463.0
1439.0
1554.0
1538.0
1529.0
1362.0
1196.0
1591.0
1659.0
1729.0
1721.0
1738.0
1588.0
1593.0
1564.0
1479.0
1422.0
1330.0
1524.0
2020.0
1917.0
111.607421875
123.740234375
123.099609375
623
253
1
[new]
1037.0
1790.0
2120.0
2045.0
1873.0
1292.0
1089.0
1263.0
1379.0
1298.0
1244.0
1390.0
1230.0
1461.0
1562.0
1459.0
1565.0
1614.0
1414.0
1392.0
1307.0
1577.0
1592.0
1557.0
1458.0
1590.0
1566.0
1573.0
1695.0
1409.0
1347.0
1295.0
1670.0
1035.0
1324.0
1379.0
1384.0
1402.0
1312.0
1271.0
1211.0
1498.0
1428.0
1469.0
1391.0
1204.0
1216.0
1349.0
1562.0
1332.0
1491.0
1716.0
1808.0
1765.0
1628.0
1867.0
1667.0
1583.0
1571.0
1438.0
1224.0
1638.0
1758.0
1892.0
108.038085938
118.840820312
117.431640625
83
379
1
[new]
1038.0
788.0
591.0
775.0
1525.0
1428.0
1579.0
1552.0
1217.0
1400.0
1475.0
1649.0
1725.0
1691.0
1718.0
1680.0
1736.0
1892.0
1660.0
1715.0
1642.0
1603.0
1515.0
1416.0
1739.0
1758.0
1794.0
1820.0
1947.0
1979.0
1893.0
1865.0
1428.0
1556.0
1352.0
1250.0
1230.0
1371.0
1249.0
1294.0
1448.0
1716.0
1519.0
1591.0
1651.0
1677.0
1889.0
1882.0
1564.0
1792.0
1628.0
1619.0
1676.0
1893.0
1484.0
1453.0
1428.0
1322.0
1457.0
1597.0
1888.0
1745.0
1731.0
1425.0
126.708007812
130.153320312
130.000976562
32
588
0
[new]
1453.0
1941.0
2112.0
1946.0
1823.0
1539.0
1279.0
1203.0
1341.0
1199.0
1240.0
1200.0
1226.0
1105.0
1357.0
1284.0
1463.0
1358.0
1324.0
1412.0
1344.0
1589.0
1515.0
1478.0
1494.0
1688.0
1502.0
1672.0
1395.0
1559.0
1644.0
1347.0
1517.0
1224.0
1065.0
1478.0
1528.0
1336.0
1365.0
1419.0
1480.0
1355.0
1431.0
1336.0
1355.0
1429.0
1241.0
1221.0
1404.0
1457.0
1454.0
1608.0
1598.0
1637.0
1659.0
1742.0
1655.0
1475.0
1582.0
1498.0
1352.0
1608.0
1769.0
1754.0
105.686523438
116.280273438
116.260742188
221
339
1
[new]
696.0
1848.0
2162.0
1961.0
1846.0
1517.0
1186.0
1234.0
1327.0
1279.0
1193.0
1305.0
1313.0
1331.0
1365.0
1383.0
1545.0
1547.0
1490.0
1229.0
1264.0
1527.0
1503.0
1686.0
1674.0
1796.0
1708.0
1785.0
1609.0
1471.0
1638.0
1329.0
1465.0
1121.0
1111.0
1098.0
1630.0
1442.0
1465.0
1406.0
1417.0
1497.0
1305.0
1362.0
1311.0
1411.0
1410.0
1393.0
1373.0
1374.0
1613.0
1583.0
1727.0
1750.0
1726.0
1699.0
1734.0
1715.0
1514.0
1390.0
1300.0
1582.0
1946.0
1877.0
111.25
122.04296875
121.5859375
560
178
1
[new]
1412.0
2114.0
2163.0
2064.0
1873.0
1485.0
1278.0
1276.0
1345.0
1230.0
1156.0
1213.0
1100.0
1253.0
1345.0
1200.0
1327.0
1185.0
1449.0
1494.0
1408.0
1307.0
1261.0
1236.0
1471.0
1547.0
1631.0
1782.0
1613.0
1590.0
1317.0
1249.0
1645.0
1176.0
1097.0
1285.0
1516.0
1280.0
1465.0
1268.0
1293.0
1356.0
1156.0
1368.0
1427.0
1467.0
1307.0
1406.0
1567.0
1660.0
1442.0
1426.0
1565.0
1562.0
1564.0
1893.0
1692.0
1439.0
1531.0
1427.0
1183.0
1479.0
1784.0
1648.0
102.009765625
107.883789062
100.447265625
404
294
0
[new]
873.0
839.0
570.0
1021.0
1661.0
1391.0
1561.0
1505.0
1170.0
1379.0
1592.0
1599.0
1634.0
1534.0
1778.0
1641.0
1604.0
1857.0
1868.0
1516.0
1778.0
1677.0
1579.0
1446.0
1653.0
1597.0
1955.0
1830.0
1944.0
1896.0
1853.0
1956.0
1394.0
1515.0
1393.0
1244.0
1212.0
1274.0
1307.0
1466.0
1506.0
1644.0
1572.0
1611.0
1732.0
1681.0
1786.0
1754.0
1739.0
1777.0
1729.0
1568.0
1584.0
1792.0
1455.0
1451.0
1399.0
1257.0
1390.0
1572.0
1859.0
1779.0
1733.0
1582.0
124.1953125
127.688476562
127.87890625
401
375
0
[new]
2067.0
2106.0
1998.0
1827.0
1739.0
1537.0
1381.0
1196.0
1299.0
1152.0
1353.0
1328.0
1171.0
1280.0
1185.0
1236.0
1446.0
1257.0
1280.0
1307.0
1201.0
1561.0
1545.0
1620.0
1363.0
1455.0
1269.0
1420.0
1031.0
1321.0
1388.0
1314.0
1407.0
1514.0
1227.0
1641.0
1469.0
1250.0
1320.0
1129.0
1178.0
1246.0
1058.0
1030.0
1488.0
1286.0
1561.0
1436.0
1042.0
1657.0
1455.0
1571.0
1617.0
1460.0
1600.0
1742.0
1522.0
1288.0
1700.0
1399.0
1325.0
1503.0
1675.0
1837.0
102.302734375
116.912109375
115.204101562
458
102
0
[new]
1551.0
2016.0
2185.0
1985.0
1865.0
1490.0
1130.0
1135.0
1342.0
1299.0
1213.0
1206.0
1339.0
1260.0
1526.0
1440.0
1512.0
1442.0
1338.0
1422.0
1361.0
1489.0
1396.0
1449.0
1567.0
1505.0
1427.0
1542.0
1449.0
1642.0
1393.0
1575.0
1505.0
1133.0
1098.0
1488.0
1563.0
1381.0
1502.0
1427.0
1433.0
1390.0
1333.0
1267.0
1339.0
1433.0
1338.0
1331.0
1687.0
1270.0
1465.0
1709.0
1718.0
1560.0
1700.0
1742.0
1719.0
1490.0
1553.0
1379.0
1246.0
1630.0
1798.0
1864.0
113.260742188
121.239257812
111.627929688
98
600
1
[new]
921.0
771.0
503.0
1106.0
1553.0
1354.0
1448.0
1479.0
1224.0
1336.0
1508.0
1447.0
1480.0
1644.0
1689.0
1658.0
1649.0
1886.0
1773.0
1523.0
1673.0
1648.0
1508.0
1470.0
1637.0
1679.0
1867.0
1848.0
1837.0
1831.0
1833.0
1801.0
1275.0
1417.0
1211.0
1169.0
1131.0
1388.0
1301.0
1365.0
1564.0
1576.0
1489.0
1568.0
1632.0
1697.0
1883.0
1684.0
1776.0
1604.0
1758.0
1561.0
1689.0
1761.0
1401.0
1401.0
1340.0
1311.0
1388.0
1675.0
1756.0
1741.0
1665.0
1407.0
123.68359375
126.712890625
127.629882812
533
243
1
[new]
1512.0
1975.0
2148.0
1940.0
1774.0
1469.0
1205.0
1279.0
1290.0
1310.0
1263.0
1272.0
1341.0
1305.0
1368.0
1476.0
1559.0
1497.0
1481.0
1420.0
1465.0
1544.0
1637.0
1456.0
1566.0
1691.0
1541.0
1597.0
1641.0
1406.0
1564.0
1542.0
1470.0
1098.0
1202.0
1386.0
1640.0
1512.0
1414.0
1447.0
1389.0
1496.0
1410.0
1401.0
1447.0
1369.0
1426.0
1475.0
1575.0
1321.0
1594.0
1658.0
1673.0
1586.0
1705.0
1828.0
1703.0
1570.0
1514.0
1500.0
1311.0
1736.0
1849.0
1829.0
107.306640625
118.26953125
117.803710938
830
192
1
[new]
1256.0
2253.0
2113.0
2007.0
1807.0
1516.0
1216.0
1309.0
1353.0
1320.0
1130.0
1288.0
1135.0
1336.0
1366.0
1466.0
1534.0
1491.0
1456.0
1351.0
1370.0
1422.0
1535.0
1455.0
1608.0
1731.0
1518.0
1552.0
1579.0
1390.0
1470.0
1407.0
1638.0
1136.0
1056.0
1324.0
1559.0
1382.0
1533.0
1379.0
1364.0
1401.0
1425.0
1246.0
1405.0
1484.0
1457.0
1284.0
1451.0
1439.0
1757.0
1712.0
1630.0
1638.0
1734.0
1680.0
1665.0
1554.0
1496.0
1377.0
1331.0
1597.0
1819.0
1787.0
107.5390625
124.090820312
122.7421875
962
402
1
[new]
776.0
1931.0
2249.0
2024.0
1858.0
1369.0
1144.0
1123.0
1403.0
1239.0
1330.0
1478.0
1337.0
1360.0
1448.0
1186.0
1570.0
1590.0
1493.0
1351.0
1383.0
1617.0
1563.0
1620.0
1653.0
1841.0
1633.0
1657.0
1537.0
1548.0
1464.0
1309.0
1484.0
1006.0
1040.0
1176.0
1486.0
1501.0
1493.0
1427.0
1370.0
1402.0
1467.0
1393.0
1393.0
1340.0
1366.0
1484.0
1444.0
1444.0
1552.0
1744.0
1806.0
1778.0
1825.0
1721.0
1723.0
1632.0
1481.0
1403.0
1276.0
1730.0
1941.0
1756.0
108.779296875
118.166015625
116.9609375
305
157
1
[new]
270.0
240.0
225.0
231.0
260.0
289.0
289.0
254.0
232.0
215.0
204.0
217.0
223.0
216.0
249.0
316.0
292.0
333.0
359.0
371.0
310.0
337.0
307.0
386.0
478.0
478.0
450.0
571.0
546.0
520.0
495.0
512.0
344.0
313.0
282.0
267.0
278.0
246.0
183.0
148.0
165.0
187.0
183.0
194.0
270.0
317.0
341.0
364.0
413.0
355.0
338.0
347.0
387.0
315.0
351.0
333.0
330.0
391.0
386.0
450.0
459.0
528.0
592.0
618.0
6.419921875
12.5166015625
13.4306640625
884
186
1
[new]
936.0
1637.0
2001.0
1986.0
1866.0
1287.0
1339.0
1166.0
1450.0
1279.0
1349.0
1339.0
1298.0
1430.0
1380.0
1452.0
1570.0
1586.0
1477.0
1320.0
1303.0
1593.0
1481.0
1536.0
1618.0
1719.0
1704.0
1438.0
1455.0
1431.0
1441.0
1564.0
1298.0
1169.0
1218.0
1279.0
1412.0
1420.0
1607.0
1339.0
1221.0
1533.0
1581.0
1496.0
1276.0
1463.0
1258.0
1391.0
1621.0
1459.0
1157.0
1586.0
1616.0
1701.0
1673.0
1837.0
1634.0
1575.0
1370.0
1522.0
1186.0
1647.0
1867.0
2019.0
110.70703125
120.51171875
119.245117188
104
562
1
[new]
1496.0
1916.0
2167.0
1970.0
1793.0
1550.0
1236.0
1192.0
1366.0
1205.0
1206.0
1068.0
1269.0
1347.0
1417.0
1404.0
1522.0
1399.0
1438.0
1350.0
1307.0
1545.0
1488.0
1598.0
1541.0
1706.0
1437.0
1643.0
1538.0
1557.0
1466.0
1349.0
1454.0
1089.0
1059.0
1394.0
1647.0
1242.0
1370.0
1341.0
1328.0
1437.0
1327.0
1320.0
1386.0
1531.0
1434.0
1252.0
1279.0
1432.0
1530.0
1812.0
1629.0
1657.0
1792.0
1828.0
1679.0
1506.0
1550.0
1382.0
1403.0
1732.0
1818.0
1846.0
108.555664062
123.159179688
122.323242188
152
624
1
[new]
268.0
256.0
248.0
253.0
260.0
282.0
279.0
244.0
224.0
218.0
237.0
260.0
261.0
278.0
313.0
332.0
347.0
363.0
338.0
374.0
350.0
429.0
509.0
594.0
537.0
503.0
492.0
571.0
547.0
592.0
580.0
580.0
342.0
325.0
296.0
269.0
275.0
240.0
201.0
211.0
344.0
288.0
233.0
180.0
262.0
277.0
320.0
334.0
380.0
384.0
448.0
437.0
418.0
425.0
428.0
494.0
502.0
528.0
456.0
434.0
438.0
534.0
579.0
637.0
6.8447265625
14.6591796875
14.5771484375
608
10
1
[new]
1978.0
1989.0
1794.0
1682.0
1659.0
1546.0
1505.0
1096.0
1218.0
1256.0
1123.0
1132.0
1149.0
1124.0
1228.0
1358.0
1368.0
1178.0
1170.0
1263.0
1007.0
1217.0
1443.0
1496.0
1406.0
1192.0
1211.0
1499.0
1322.0
1311.0
1446.0
1327.0
1192.0
1312.0
1084.0
1377.0
1414.0
1355.0
1584.0
1187.0
1266.0
1108.0
1310.0
1253.0
1306.0
1262.0
1140.0
1293.0
1390.0
1275.0
1347.0
1481.0
1541.0
1345.0
1681.0
1485.0
1490.0
1415.0
1680.0
1312.0
1224.0
1519.0
1468.0
1597.0
98.1669921875
106.344726562
97.78515625
5
601
1
[new]
1429.0
1910.0
2055.0
1970.0
1828.0
1483.0
1233.0
1198.0
1390.0
1326.0
1167.0
1383.0
1412.0
1385.0
1272.0
1220.0
1570.0
1338.0
1344.0
1346.0
1257.0
1511.0
1563.0
1591.0
1426.0
1572.0
1529.0
1226.0
1353.0
1219.0
1268.0
1030.0
1422.0
1081.0
1107.0
1306.0
1278.0
1321.0
1338.0
1177.0
1279.0
1106.0
1059.0
1243.0
1480.0
1512.0
1205.0
1375.0
1261.0
1321.0
1874.0
1615.0
1733.0
1616.0
1551.0
1863.0
1660.0
1420.0
1611.0
1405.0
1311.0
1581.0
1832.0
1861.0
109.825195312
125.081054688
122.962890625
776
138
0
[new]
832.0
1565.0
2044.0
1950.0
1923.0
1317.0
1185.0
1194.0
1413.0
1303.0
1226.0
1266.0
1211.0
1392.0
1398.0
1421.0
1470.0
1598.0
1431.0
1453.0
1261.0
1560.0
1585.0
1580.0
1653.0
1754.0
1630.0
1657.0
1737.0
1595.0
1349.0
1380.0
1543.0
1030.0
1192.0
1189.0
1449.0
1324.0
1365.0
1367.0
1278.0
1408.0
1546.0
1533.0
1313.0
1392.0
1326.0
1379.0
1511.0
1419.0
1328.0
1519.0
1693.0
1781.0
1745.0
1650.0
1639.0
1659.0
1570.0
1427.0
1308.0
1570.0
1957.0
1923.0
111.985351562
122.892578125
121.518554688
287
589
1
[new]
864.0
1552.0
2276.0
2023.0
1934.0
1477.0
1306.0
1187.0
1385.0
1196.0
1266.0
1464.0
1234.0
1289.0
1545.0
1201.0
1613.0
1556.0
1599.0
1519.0
1256.0
1497.0
1395.0
1681.0
1615.0
1771.0
1680.0
1827.0
1525.0
1680.0
1591.0
1502.0
1370.0
1069.0
990.0
1248.0
1463.0
1415.0
1352.0
1494.0
1408.0
1445.0
1473.0
1406.0
1400.0
1610.0
1449.0
1598.0
1275.0
1334.0
1594.0
1792.0
1792.0
1747.0
1648.0
1745.0
1691.0
1827.0
1481.0
1617.0
1289.0
1609.0
1875.0
2000.0
112.157226562
122.071289062
121.370117188
803
73
1
[new]
291.0
270.0
265.0
264.0
274.0
296.0
304.0
275.0
250.0
227.0
208.0
228.0
247.0
236.0
240.0
287.0
308.0
344.0
350.0
409.0
355.0
367.0
313.0
306.0
448.0
475.0
544.0
695.0
660.0
639.0
611.0
684.0
352.0
347.0
312.0
294.0
289.0
247.0
213.0
212.0
277.0
292.0
321.0
301.0
324.0
364.0
350.0
385.0
408.0
347.0
310.0
316.0
379.0
308.0
353.0
385.0
379.0
424.0
408.0
461.0
483.0
568.0
596.0
665.0
8.998046875
13.47265625
12.521484375
956
258
0
[new]
880.0
766.0
690.0
874.0
1306.0
1454.0
1572.0
1583.0
1278.0
1457.0
1481.0
1583.0
1664.0
1582.0
1612.0
1636.0
1677.0
1863.0
1682.0
1582.0
1670.0
1681.0
1515.0
1362.0
1631.0
1586.0
1822.0
1811.0
1897.0
1908.0
1918.0
1899.0
1390.0
1563.0
1398.0
1351.0
1262.0
1359.0
1235.0
1240.0
1450.0
1640.0
1617.0
1558.0
1712.0
1628.0
1704.0
1717.0
1676.0
1647.0
1716.0
1549.0
1663.0
1616.0
1603.0
1318.0
1430.0
1385.0
1417.0
1649.0
1838.0
1681.0
1497.0
1413.0
124.198242188
127.529296875
127.216796875
896
336
0
[new]
1318.0
2129.0
2089.0
1986.0
1771.0
1349.0
1137.0
1253.0
1417.0
1428.0
1059.0
1384.0
1238.0
1394.0
1402.0
1379.0
1540.0
1484.0
1313.0
1244.0
1395.0
1447.0
1447.0
1449.0
1622.0
1653.0
1491.0
1608.0
1597.0
1524.0
1321.0
1296.0
1522.0
1231.0
1049.0
1548.0
1541.0
1391.0
1285.0
1370.0
1498.0
1376.0
1249.0
1275.0
1341.0
1474.0
1423.0
1354.0
1219.0
1435.0
1743.0
1630.0
1563.0
1652.0
1827.0
1684.0
1601.0
1559.0
1624.0
1382.0
1122.0
1544.0
1847.0
1805.0
107.524414062
123.020507812
121.305664062
461
177
1
[new]
739.0
1194.0
1892.0
2136.0
2001.0
1382.0
1192.0
1252.0
1397.0
1435.0
1353.0
1435.0
1363.0
1479.0
1460.0
1510.0
1571.0
1647.0
1570.0
1299.0
1456.0
1497.0
1360.0
1679.0
1823.0
1744.0
1687.0
1731.0
1743.0
1682.0
1504.0
1372.0
1455.0
1153.0
1106.0
1031.0
1322.0
1336.0
1349.0
1336.0
1289.0
1489.0
1424.0
1473.0
1430.0
1574.0
1667.0
1600.0
1452.0
1402.0
1581.0
1780.0
1792.0
1857.0
1744.0
1626.0
1631.0
1700.0
1524.0
1517.0
1370.0
1673.0
1980.0
1922.0
115.98828125
127.045898438
126.774414062
1229
565
1
[new]
990.0
772.0
638.0
855.0
1459.0
1435.0
1603.0
1576.0
1138.0
1430.0
1608.0
1543.0
1648.0
1688.0
1633.0
1664.0
1722.0
1834.0
1544.0
1531.0
1574.0
1644.0
1482.0
1519.0
1606.0
1637.0
1567.0
1539.0
1812.0
1705.0
1784.0
1763.0
1489.0
1560.0
1342.0
1184.0
1291.0
1307.0
1344.0
1359.0
1518.0
1562.0
1255.0
1268.0
1361.0
1475.0
1780.0
1509.0
1732.0
1759.0
1687.0
1521.0
1586.0
1720.0
1478.0
1181.0
1465.0
1418.0
1344.0
1682.0
1760.0
1779.0
1754.0
1473.0
122.203125
125.337890625
125.901367188
839
201
1
[new]
875.0
834.0
609.0
929.0
1576.0
1401.0
1501.0
1525.0
1188.0
1346.0
1486.0
1548.0
1593.0
1674.0
1622.0
1723.0
1684.0
1946.0
1563.0
1710.0
1723.0
1614.0
1468.0
1474.0
1816.0
1638.0
1871.0
1714.0
1903.0
1803.0
1525.0
1702.0
1525.0
1565.0
1315.0
1230.0
1195.0
1244.0
1263.0
1321.0
1545.0
1539.0
1381.0
1370.0
1565.0
1691.0
1725.0
1661.0
1761.0
1760.0
1796.0
1450.0
1761.0
1708.0
1591.0
1306.0
1435.0
1271.0
1155.0
1698.0
1883.0
1810.0
1632.0
1432.0
121.594726562
125.991210938
125.76953125
581
21
1
[new]
272.0
258.0
238.0
227.0
245.0
268.0
275.0
264.0
239.0
223.0
200.0
197.0
251.0
270.0
247.0
318.0
338.0
374.0
342.0
362.0
309.0
340.0
403.0
566.0
636.0
634.0
658.0
767.0
716.0
692.0
656.0
684.0
346.0
333.0
305.0
278.0
274.0
292.0
301.0
295.0
330.0
343.0
337.0
351.0
397.0
399.0
398.0
401.0
465.0
420.0
411.0
338.0
395.0
374.0
378.0
446.0
444.0
442.0
383.0
423.0
446.0
524.0
561.0
639.0
7.3466796875
15.2431640625
15.1064453125
950
252
0
[new]
953.0
848.0
629.0
926.0
1314.0
1449.0
1587.0
1562.0
1171.0
1365.0
1640.0
1687.0
1685.0
1654.0
1861.0
1756.0
1702.0
1718.0
1813.0
1601.0
1631.0
1637.0
1464.0
1519.0
1677.0
1556.0
1934.0
1719.0
1910.0
1898.0
1942.0
1913.0
1379.0
1515.0
1286.0
1211.0
1259.0
1302.0
1357.0
1437.0
1454.0
1568.0
1587.0
1584.0
1832.0
1673.0
1750.0
1510.0
1769.0
1658.0
1853.0
1595.0
1658.0
1694.0
1598.0
1493.0
1509.0
1217.0
1417.0
1558.0
1937.0
1725.0
1750.0
1586.0
124.482421875
127.333984375
127.296875
1265
627
0
[new]
1942.0
2131.0
1971.0
1820.0
1822.0
1569.0
1220.0
1220.0
1184.0
1198.0
1364.0
1192.0
1051.0
1277.0
1238.0
1416.0
1626.0
1349.0
1198.0
1252.0
1254.0
1527.0
1557.0
1614.0
1304.0
1523.0
1359.0
1337.0
1207.0
1338.0
1261.0
1130.0
1415.0
1337.0
1049.0
1473.0
1399.0
1177.0
1329.0
1214.0
1412.0
1235.0
1132.0
1041.0
1389.0
1296.0
1149.0
1539.0
1132.0
1541.0
1634.0
1658.0
1596.0
1505.0
1616.0
1829.0
1455.0
1451.0
1711.0
1430.0
1307.0
1528.0
1651.0
1821.0
102.752929688
117.27734375
115.360351562
644
84
0
[new]
292.0
265.0
255.0
252.0
279.0
311.0
313.0
283.0
242.0
248.0
274.0
278.0
269.0
294.0
343.0
373.0
362.0
401.0
326.0
419.0
473.0
510.0
497.0
540.0
570.0
592.0
506.0
582.0
569.0
554.0
521.0
555.0
369.0
349.0
326.0
304.0
289.0
266.0
239.0
213.0
202.0
238.0
203.0
269.0
287.0
354.0
380.0
368.0
397.0
432.0
477.0
462.0
457.0
421.0
493.0
441.0
507.0
562.0
481.0
486.0
466.0
541.0
610.0
659.0
8.99609375
14.5390625
14.09375
653
45
1
[new]
933.0
1364.0
2137.0
1997.0
1943.0
1417.0
1222.0
1256.0
1390.0
1302.0
1271.0
1204.0
1301.0
1326.0
1290.0
1330.0
1524.0
1568.0
1375.0
1413.0
1338.0
1519.0
1559.0
1534.0
1608.0
1603.0
1621.0
1502.0
1656.0
1585.0
1367.0
1333.0
1613.0
977.0
1277.0
1287.0
1396.0
1389.0
1278.0
1339.0
1317.0
1357.0
1615.0
1497.0
1333.0
1366.0
1378.0
1368.0
1402.0
1377.0
1258.0
1323.0
1740.0
1796.0
1744.0
1535.0
1553.0
1600.0
1556.0
1474.0
1305.0
1534.0
1975.0
1829.0
113.3671875
123.267578125
118.701171875
245
493
1
[new]
1849.0
2112.0
2125.0
2007.0
1859.0
1459.0
1154.0
1269.0
1283.0
1203.0
1296.0
1150.0
1253.0
1345.0
1371.0
1274.0
1490.0
1361.0
1385.0
1422.0
1294.0
1367.0
1596.0
1668.0
1545.0
1542.0
1547.0
1496.0
1312.0
1396.0
1366.0
1272.0
1526.0
1122.0
1076.0
1440.0
1543.0
1251.0
1479.0
1279.0
1386.0
1338.0
1322.0
1416.0
1606.0
1379.0
1231.0
1291.0
1317.0
1386.0
1613.0
1630.0
1748.0
1623.0
1775.0
1886.0
1520.0
1433.0
1557.0
1314.0
1330.0
1650.0
1759.0
1842.0
109.166992188
123.989257812
122.220703125
467
309
0
[new]
1160.0
1955.0
1982.0
1947.0
1938.0
1301.0
1133.0
1215.0
1342.0
1314.0
1368.0
1203.0
1345.0
1341.0
1478.0
1457.0
1403.0
1378.0
1389.0
1389.0
1496.0
1509.0
1592.0
1564.0
1620.0
1690.0
1459.0
1640.0
1507.0
1488.0
1571.0
1433.0
1536.0
1179.0
947.0
1408.0
1478.0
1435.0
1445.0
1397.0
1502.0
1542.0
1282.0
1375.0
1325.0
1348.0
1493.0
1457.0
1352.0
1267.0
1506.0
1651.0
1644.0
1633.0
1741.0
1812.0
1709.0
1505.0
1624.0
1456.0
1215.0
1621.0
1859.0
1863.0
110.375
122.370117188
122.228515625
35
525
1
[new]
812.0
1780.0
2077.0
2149.0
1869.0
1446.0
1325.0
1193.0
1363.0
1292.0
1256.0
1391.0
1262.0
1387.0
1431.0
1400.0
1620.0
1633.0
1389.0
1529.0
1268.0
1458.0
1605.0
1620.0
1651.0
1683.0
1745.0
1701.0
1669.0
1633.0
1615.0
1347.0
1474.0
1074.0
1452.0
1352.0
1393.0
1300.0
1435.0
1344.0
1381.0
1512.0
1654.0
1376.0
1376.0
1465.0
1443.0
1509.0
1500.0
1419.0
1450.0
1779.0
1713.0
1807.0
1711.0
1820.0
1776.0
1612.0
1339.0
1559.0
1188.0
1484.0
1873.0
2029.0
110.698242188
123.4453125
121.946289062
653
223
1
[new]
889.0
806.0
619.0
903.0
1276.0
1484.0
1587.0
1584.0
1131.0
1495.0
1505.0
1719.0
1339.0
1668.0
1568.0
1590.0
1666.0
1881.0
1702.0
1603.0
1669.0
1655.0
1442.0
1513.0
1598.0
1580.0
1617.0
1590.0
1695.0
1711.0
1726.0
1697.0
1391.0
1461.0
1464.0
1206.0
1249.0
1330.0
1197.0
1261.0
1352.0
1329.0
1132.0
1479.0
1623.0
1608.0
1839.0
1529.0
1598.0
1814.0
1774.0
1493.0
1601.0
1824.0
1477.0
1347.0
1295.0
1228.0
1387.0
1631.0
1963.0
1678.0
1565.0
1383.0
122.032226562
125.427734375
125.924804688
1208
570
1
[new]
1691.0
2056.0
2103.0
1999.0
1865.0
1327.0
993.0
1229.0
1246.0
1188.0
1216.0
1302.0
1170.0
1298.0
1242.0
1376.0
1366.0
1214.0
1527.0
1390.0
1281.0
1340.0
1275.0
1264.0
1438.0
1500.0
1527.0
1620.0
1501.0
1587.0
1166.0
1278.0
1494.0
1119.0
1136.0
1413.0
1629.0
1333.0
1426.0
1173.0
1242.0
1308.0
1156.0
1121.0
1452.0
1378.0
1352.0
1350.0
1433.0
1580.0
1567.0
1359.0
1602.0
1532.0
1605.0
1719.0
1626.0
1618.0
1583.0
1290.0
1101.0
1509.0
1717.0
1652.0
100.319335938
102.9296875
95.7353515625
272
426
1
[new]
1438.0
1424.0
1289.0
1126.0
1064.0
1116.0
1228.0
1223.0
1055.0
1220.0
1178.0
1246.0
1115.0
1148.0
1178.0
1058.0
1323.0
1428.0
1325.0
1272.0
1153.0
1163.0
1004.0
1042.0
1191.0
1091.0
1215.0
1275.0
1522.0
1635.0
1833.0
1888.0
1798.0
1831.0
1887.0
1673.0
1553.0
1215.0
1185.0
981.0
1004.0
1121.0
1305.0
1158.0
1272.0
1142.0
1117.0
1357.0
1170.0
950.0
874.0
945.0
1110.0
1150.0
1203.0
1206.0
1338.0
1258.0
1268.0
1469.0
1544.0
1264.0
1028.0
1090.0
70.115234375
71.9423828125
64.73046875
587
111
0
[new]
894.0
1420.0
2020.0
2096.0
1921.0
1301.0
1173.0
1262.0
1499.0
1297.0
1248.0
1224.0
1262.0
1392.0
1582.0
1370.0
1516.0
1543.0
1404.0
1561.0
1473.0
1494.0
1687.0
1640.0
1614.0
1637.0
1717.0
1566.0
1663.0
1523.0
1371.0
1279.0
1595.0
1163.0
1389.0
1254.0
1464.0
1312.0
1476.0
1366.0
1165.0
1104.0
1390.0
1284.0
1288.0
1400.0
1453.0
1601.0
1633.0
1290.0
1353.0
1544.0
1731.0
1877.0
1853.0
1780.0
1674.0
1581.0
1463.0
1563.0
1265.0
1611.0
1937.0
1790.0
111.848632812
120.814453125
120.169921875
980
244
1
[new]
1019.0
1911.0
2093.0
1983.0
1888.0
1310.0
1265.0
1218.0
1362.0
1324.0
1235.0
1262.0
1345.0
1351.0
1395.0
1343.0
1521.0
1566.0
1357.0
1391.0
1248.0
1507.0
1535.0
1485.0
1588.0
1736.0
1618.0
1651.0
1590.0
1470.0
1407.0
1368.0
1428.0
1206.0
1376.0
1306.0
1413.0
1316.0
1603.0
1286.0
1283.0
1368.0
1405.0
1356.0
1276.0
1432.0
1348.0
1525.0
1640.0
1305.0
1340.0
1737.0
1697.0
1723.0
1606.0
1831.0
1550.0
1630.0
1418.0
1361.0
1153.0
1615.0
1884.0
1925.0
108.091796875
118.103515625
117.436523438
266
196
1
[new]
2103.0
2046.0
1820.0
1713.0
1639.0
1469.0
1433.0
1186.0
1268.0
1070.0
1197.0
974.0
1077.0
1170.0
1229.0
1176.0
1329.0
1106.0
1121.0
1093.0
1216.0
1412.0
1419.0
1277.0
1194.0
1381.0
1242.0
1380.0
1484.0
1215.0
1357.0
1571.0
1254.0
1326.0
1452.0
1377.0
1309.0
1286.0
1457.0
1168.0
1055.0
1256.0
1425.0
1185.0
1241.0
1354.0
1016.0
1353.0
1411.0
1360.0
1334.0
1428.0
1374.0
1455.0
1462.0
1488.0
1402.0
1490.0
1541.0
1245.0
1228.0
1480.0
1420.0
1735.0
99.15625
108.069335938
99.349609375
59
655
1
[new]
960.0
792.0
617.0
885.0
1574.0
1454.0
1569.0
1556.0
1231.0
1357.0
1693.0
1574.0
1656.0
1630.0
1590.0
1557.0
1742.0
1761.0
1704.0
1569.0
1559.0
1635.0
1492.0
1493.0
1837.0
1572.0
1977.0
1720.0
1879.0
1919.0
1917.0
1733.0
1363.0
1572.0
1318.0
1221.0
1234.0
1210.0
1178.0
1302.0
1500.0
1680.0
1536.0
1631.0
1621.0
1686.0
1811.0
1693.0
1664.0
1744.0
1735.0
1487.0
1680.0
1810.0
1510.0
1404.0
1448.0
1286.0
1333.0
1615.0
1887.0
1814.0
1630.0
1601.0
124.67578125
128.661132812
128.810546875
950
390
1
[new]
953.0
1844.0
2190.0
2028.0
1867.0
1446.0
1213.0
1316.0
1420.0
1181.0
1314.0
1299.0
1360.0
1399.0
1466.0
1239.0
1572.0
1558.0
1464.0
1338.0
1442.0
1403.0
1381.0
1444.0
1521.0
1545.0
1427.0
1585.0
1421.0
1534.0
1384.0
1473.0
1352.0
1143.0
1199.0
1186.0
1335.0
1489.0
1453.0
1397.0
1331.0
1411.0
1167.0
1254.0
1266.0
1405.0
1517.0
1319.0
1480.0
1456.0
1562.0
1670.0
1644.0
1666.0
1593.0
1644.0
1653.0
1508.0
1499.0
1512.0
1398.0
1577.0
1915.0
2026.0
109.833984375
127.24609375
123.131835938
275
363
1
